https://www.youtube.com/watch?v=QShWPZxTDoE
157323991 0.474812461 0.844111024 0.500000000 0.500000000 0.000000000 0.000000000 0.950234294 0.023969267 -0.310612619 -0.058392330 -0.025083920 0.999685287 0.000406042 0.179560758 0.310524613 0.007405547 0.950536489 -0.411621285
157490824 0.474812461 0.844111024 0.500000000 0.500000000 0.000000000 0.000000000 0.932122767 0.029219138 -0.360961705 0.019157260 -0.030671693 0.999528050 0.001705339 0.195243598 0.360841185 0.009481722 0.932579100 -0.489249695
157657658 0.474812461 0.844111024 0.500000000 0.500000000 0.000000000 0.000000000 0.912891090 0.034948215 -0.406704396 0.093606521 -0.036429971 0.999327779 0.004101569 0.203909523 0.406574339 0.011071944 0.913550615 -0.570709379
157824491 0.474812461 0.844111024 0.500000000 0.500000000 0.000000000 0.000000000 0.892021954 0.039648205 -0.450249761 0.174752186 -0.041337918 0.999126673 0.006083843 0.206605029 0.450097769 0.013185467 0.892881930 -0.657519766
157991325 0.474812461 0.844111024 0.500000000 0.500000000 0.000000000 0.000000000 0.870897233 0.043891508 -0.489501357 0.266759117 -0.046065997 0.998909414 0.007609563 0.208293300 0.489301533 0.015922222 0.871969342 -0.739918788
158158158 0.474812461 0.844111024 0.500000000 0.500000000 0.000000000 0.000000000 0.850054264 0.048434701 -0.524463415 0.371990684 -0.051002879 0.998652756 0.009560689 0.215520371 0.524219871 0.018622037 0.851379335 -0.814489669
158358358 0.474812461 0.844111024 0.500000000 0.500000000 0.000000000 0.000000000 0.823578537 0.052956820 -0.564724684 0.498689894 -0.055313200 0.998385012 0.012955925 0.224118528 0.564498782 0.020566508 0.825177670 -0.889946292
158525192 0.474812461 0.844111024 0.500000000 0.500000000 0.000000000 0.000000000 0.801249743 0.056292553 -0.595676124 0.608660065 -0.058902908 0.998149574 0.015096202 0.223320416 0.595423639 0.022991227 0.803082883 -0.943733076
158692025 0.474812461 0.844111024 0.500000000 0.500000000 0.000000000 0.000000000 0.780003667 0.059620168 -0.622928321 0.726968666 -0.062449891 0.997897983 0.017311305 0.217967188 0.622651041 0.025398925 0.782087326 -1.002211444
158858859 0.474812461 0.844111024 0.500000000 0.500000000 0.000000000 0.000000000 0.758300304 0.062706254 -0.648882568 0.862137737 -0.066019125 0.997632504 0.019256916 0.210050766 0.648553908 0.028236136 0.760644853 -1.055941415
159025692 0.474812461 0.844111024 0.500000000 0.500000000 0.000000000 0.000000000 0.733386099 0.066376433 -0.676564097 1.014642875 -0.069476441 0.997329056 0.022534581 0.204417168 0.676252782 0.030478716 0.736038864 -1.100931176
159192526 0.474812461 0.844111024 0.500000000 0.500000000 0.000000000 0.000000000 0.703763664 0.069719747 -0.707004845 1.176046236 -0.073094003 0.996997535 0.025557835 0.198280199 0.706663966 0.033691138 0.706746757 -1.127059555
159392726 0.474812461 0.844111024 0.500000000 0.500000000 0.000000000 0.000000000 0.662238955 0.074904546 -0.745539367 1.361111617 -0.076822795 0.996534884 0.031882886 0.176548885 0.745344102 0.036160327 0.665698588 -1.136046987
159559560 0.474812461 0.844111024 0.500000000 0.500000000 0.000000000 0.000000000 0.629729092 0.078562595 -0.772831917 1.488353738 -0.081706621 0.996052980 0.034676969 0.152860218 0.772505820 0.041308392 0.633662641 -1.137729720
159726393 0.474812461 0.844111024 0.500000000 0.500000000 0.000000000 0.000000000 0.602676034 0.081962064 -0.793765604 1.594849532 -0.083513811 0.995727122 0.039407197 0.137400253 0.793603837 0.042540617 0.606945813 -1.154423412
159893227 0.474812461 0.844111024 0.500000000 0.500000000 0.000000000 0.000000000 0.580205023 0.084535435 -0.810071528 1.693660542 -0.086233690 0.995384574 0.042109925 0.134338657 0.809892535 0.045423068 0.584816933 -1.189997045
160060060 0.474812461 0.844111024 0.500000000 0.500000000 0.000000000 0.000000000 0.559533417 0.086548090 -0.824276507 1.785956560 -0.089039005 0.995054126 0.044038296 0.143407250 0.824011147 0.048751865 0.564472198 -1.233530509
160226894 0.474812461 0.844111024 0.500000000 0.500000000 0.000000000 0.000000000 0.539407372 0.088928543 -0.837335885 1.876278781 -0.091476299 0.994710982 0.046713885 0.159821683 0.837061405 0.051398575 0.544689238 -1.287939732
160427094 0.474812461 0.844111024 0.500000000 0.500000000 0.000000000 0.000000000 0.515480161 0.090795092 -0.852077723 1.979818582 -0.093906343 0.994367242 0.049146701 0.181896137 0.851740420 0.054681353 0.521102846 -1.359775674
160593927 0.474812461 0.844111024 0.500000000 0.500000000 0.000000000 0.000000000 0.497423410 0.091656610 -0.862652302 2.062552118 -0.095314465 0.994156837 0.050668620 0.194005458 0.862255812 0.057019483 0.503253102 -1.415121326
160760761 0.474812461 0.844111024 0.500000000 0.500000000 0.000000000 0.000000000 0.484208912 0.092620693 -0.870036304 2.136687359 -0.096262053 0.993984103 0.052242137 0.204385655 0.869640946 0.058455370 0.490211815 -1.477987717
160927594 0.474812461 0.844111024 0.500000000 0.500000000 0.000000000 0.000000000 0.475284129 0.093297184 -0.874871790 2.200792438 -0.096743606 0.993874133 0.053430639 0.209217395 0.874497354 0.059243519 0.481398523 -1.547068315
161094428 0.474812461 0.844111024 0.500000000 0.500000000 0.000000000 0.000000000 0.468848795 0.093707815 -0.878293574 2.268227083 -0.097071946 0.993799806 0.054212786 0.208793720 0.877928138 0.059840068 0.475038230 -1.634971335
161261261 0.474812461 0.844111024 0.500000000 0.500000000 0.000000000 0.000000000 0.463450164 0.093811318 -0.881143212 2.339123750 -0.097783640 0.993721604 0.054366294 0.224513862 0.880711257 0.060965322 0.469713658 -1.732136350
161461461 0.474812461 0.844111024 0.500000000 0.500000000 0.000000000 0.000000000 0.458983690 0.093715429 -0.883488178 2.426412787 -0.098171033 0.993681431 0.054402962 0.253829726 0.883004189 0.061762877 0.465283692 -1.863571195
