https://www.youtube.com/watch?v=QShWPZxTDoE
159292626 0.474812461 0.844111024 0.500000000 0.500000000 0.000000000 0.000000000 0.683357954 0.072232656 -0.726501465 1.272327830 -0.075338788 0.996758103 0.028238246 0.189685652 0.726185918 0.035436906 0.686584473 -1.134427327
159559560 0.474812461 0.844111024 0.500000000 0.500000000 0.000000000 0.000000000 0.629729092 0.078562595 -0.772831917 1.488353738 -0.081706621 0.996052980 0.034676969 0.152860218 0.772505820 0.041308392 0.633662641 -1.137729720
159859860 0.474812461 0.844111024 0.500000000 0.500000000 0.000000000 0.000000000 0.584403992 0.084127441 -0.807090163 1.674426273 -0.085965939 0.995432854 0.041512564 0.134458676 0.806896448 0.045122158 0.588967025 -1.182221376
160126793 0.474812461 0.844111024 0.500000000 0.500000000 0.000000000 0.000000000 0.551451921 0.087552041 -0.829599559 1.822396106 -0.089911759 0.994922042 0.045233194 0.148693952 0.829347134 0.049646821 0.556523621 -1.254210276
160427094 0.474812461 0.844111024 0.500000000 0.500000000 0.000000000 0.000000000 0.515480161 0.090795092 -0.852077723 1.979818582 -0.093906343 0.994367242 0.049146701 0.181896137 0.851740420 0.054681353 0.521102846 -1.359775674
160694027 0.474812461 0.844111024 0.500000000 0.500000000 0.000000000 0.000000000 0.488960326 0.092371918 -0.867401421 2.107919385 -0.095736258 0.994053185 0.051892199 0.198955425 0.867036521 0.057668541 0.494895935 -1.452192666
160994328 0.474812461 0.844111024 0.500000000 0.500000000 0.000000000 0.000000000 0.472398192 0.093561046 -0.876405299 2.227168206 -0.096999392 0.993828654 0.053812210 0.207401484 0.876031399 0.059589989 0.478558213 -1.580269639
161261261 0.474812461 0.844111024 0.500000000 0.500000000 0.000000000 0.000000000 0.463450164 0.093811318 -0.881143212 2.339123750 -0.097783640 0.993721604 0.054366294 0.224513862 0.880711257 0.060965322 0.469713658 -1.732136350
161561562 0.474812461 0.844111024 0.500000000 0.500000000 0.000000000 0.000000000 0.457654774 0.093934342 -0.884154081 2.467921315 -0.098194674 0.993660510 0.054741122 0.264369607 0.883691072 0.061766684 0.463977337 -1.931473384
161828495 0.474812461 0.844111024 0.500000000 0.500000000 0.000000000 0.000000000 0.457390398 0.093723893 -0.884313226 2.553644344 -0.098052867 0.993682265 0.054599810 0.282179982 0.883843660 0.061736014 0.463690639 -2.118183111
162128795 0.474812461 0.844111024 0.500000000 0.500000000 0.000000000 0.000000000 0.470989048 0.093611836 -0.877157986 2.612153700 -0.096696571 0.993840158 0.054143243 0.275993068 0.876823306 0.059317298 0.477139771 -2.358680524
162395729 0.474812461 0.844111024 0.500000000 0.500000000 0.000000000 0.000000000 0.520283163 0.090081081 -0.849229574 2.561022526 -0.093179017 0.994472206 0.048401114 0.273202346 0.848895192 0.053948093 0.525800824 -2.670590794
162696029 0.474812461 0.844111024 0.500000000 0.500000000 0.000000000 0.000000000 0.611922324 0.081196487 -0.786738932 2.336115053 -0.083241366 0.995803535 0.038028494 0.288254440 0.786525249 0.042218741 0.616113365 -3.111773325
162996330 0.474812461 0.844111024 0.500000000 0.500000000 0.000000000 0.000000000 0.704134226 0.070062093 -0.706601977 2.005897239 -0.072168179 0.997028530 0.026942778 0.322461408 0.706389964 0.032022845 0.707098126 -3.553409833
