https://www.youtube.com/watch?v=a-Unpcomk5k
90023267 0.485388169 0.862912326 0.500000000 0.500000000 0.000000000 0.000000000 0.949961841 -0.054589756 0.307558835 0.363597957 0.049778115 0.998484373 0.023474237 0.122943811 -0.308374137 -0.006989930 0.951239467 -0.411649725
90190100 0.485388169 0.862912326 0.500000000 0.500000000 0.000000000 0.000000000 0.936324358 -0.058613990 0.346209586 0.384438270 0.053212658 0.998267829 0.025095066 0.136336848 -0.347080797 -0.005074390 0.937821507 -0.495378251
90356933 0.485388169 0.862912326 0.500000000 0.500000000 0.000000000 0.000000000 0.920415699 -0.061646536 0.386050045 0.392760735 0.055660341 0.998093307 0.026676189 0.148407963 -0.386958480 -0.003065505 0.922092021 -0.584840288
90523767 0.485388169 0.862912326 0.500000000 0.500000000 0.000000000 0.000000000 0.902696550 -0.065121211 0.425321281 0.393740251 0.058245987 0.997876167 0.029164905 0.157571476 -0.426317245 -0.001553800 0.904572368 -0.683591501
90690600 0.485388169 0.862912326 0.500000000 0.500000000 0.000000000 0.000000000 0.883015513 -0.069272175 0.464203626 0.383146000 0.061874375 0.997597098 0.031171000 0.171538756 -0.465247482 0.001197834 0.885179818 -0.798848920
90857433 0.485388169 0.862912326 0.500000000 0.500000000 0.000000000 0.000000000 0.863586664 -0.074230894 0.498706162 0.378236544 0.067191981 0.997224212 0.032080498 0.194804574 -0.499703199 0.005804764 0.866177261 -0.912604869
91057633 0.485388169 0.862912326 0.500000000 0.500000000 0.000000000 0.000000000 0.837207139 -0.080319084 0.540955663 0.348125228 0.072502285 0.996726155 0.035782419 0.216269091 -0.542058706 0.009263224 0.840289593 -1.067256689
91224467 0.485388169 0.862912326 0.500000000 0.500000000 0.000000000 0.000000000 0.814787984 -0.085085154 0.573481560 0.311799242 0.076606996 0.996299267 0.038975649 0.234736581 -0.574675500 0.012175811 0.818290770 -1.196836664
91391300 0.485388169 0.862912326 0.500000000 0.500000000 0.000000000 0.000000000 0.792760789 -0.089765556 0.602886796 0.270539226 0.081507996 0.995825171 0.041093048 0.259814929 -0.604058623 0.016563140 0.796767771 -1.328140863
91558133 0.485388169 0.862912326 0.500000000 0.500000000 0.000000000 0.000000000 0.771091938 -0.093814306 0.629774630 0.223948432 0.087357447 0.995320201 0.041307874 0.293608807 -0.630702674 0.023163332 0.775678813 -1.459775674
91724967 0.485388169 0.862912326 0.500000000 0.500000000 0.000000000 0.000000000 0.751535058 -0.096625380 0.652578413 0.178494515 0.089747138 0.994993508 0.043969437 0.308307880 -0.653559864 0.025522472 0.756444395 -1.587897834
91891800 0.485388169 0.862912326 0.500000000 0.500000000 0.000000000 0.000000000 0.735025227 -0.099746063 0.670662820 0.138219010 0.093737528 0.994570971 0.045186777 0.333516116 -0.671528995 0.029652854 0.740384698 -1.712296424
92092000 0.485388169 0.862912326 0.500000000 0.500000000 0.000000000 0.000000000 0.719043434 -0.101635426 0.687493145 0.093557351 0.098243877 0.994179368 0.044221871 0.373143031 -0.687985957 0.035744540 0.724843204 -1.860791364
92258833 0.485388169 0.862912326 0.500000000 0.500000000 0.000000000 0.000000000 0.709150374 -0.102171108 0.697615087 0.059169738 0.099845670 0.994025767 0.044086087 0.400782920 -0.697951734 0.038390182 0.715115070 -1.981529677
92425667 0.485388169 0.862912326 0.500000000 0.500000000 0.000000000 0.000000000 0.703360021 -0.101482928 0.703552365 0.039205180 0.098760851 0.994108558 0.044659954 0.417778776 -0.703939617 0.038071405 0.709238708 -2.106152155
92592500 0.485388169 0.862912326 0.500000000 0.500000000 0.000000000 0.000000000 0.700221658 -0.101235874 0.706711292 0.029170036 0.096752122 0.994219005 0.046557475 0.427528111 -0.707339108 0.035775267 0.705968499 -2.234683370
92759333 0.485388169 0.862912326 0.500000000 0.500000000 0.000000000 0.000000000 0.698873043 -0.100907177 0.708091974 0.024634507 0.096064955 0.994270742 0.046875048 0.444746524 -0.708765149 0.035263114 0.704562664 -2.365965080
92926167 0.485388169 0.862912326 0.500000000 0.500000000 0.000000000 0.000000000 0.698221087 -0.101446368 0.708657861 0.017460176 0.096007936 0.994235396 0.047733612 0.465147684 -0.709415078 0.034708157 0.703935742 -2.489595036
93126367 0.485388169 0.862912326 0.500000000 0.500000000 0.000000000 0.000000000 0.701540232 -0.100508377 0.705506444 0.030925799 0.096309878 0.994293392 0.045881305 0.500429136 -0.706091821 0.035759658 0.707216740 -2.635113223
93293200 0.485388169 0.862912326 0.500000000 0.500000000 0.000000000 0.000000000 0.706040561 -0.099173397 0.701192796 0.055235645 0.095376909 0.994441032 0.044612732 0.522969947 -0.701719284 0.035379205 0.711574554 -2.748741222
93460033 0.485388169 0.862912326 0.500000000 0.500000000 0.000000000 0.000000000 0.711469471 -0.101191826 0.695392966 0.092386154 0.097211346 0.994235933 0.045219962 0.550373275 -0.695960581 0.035427466 0.717205524 -2.869640023
93626867 0.485388169 0.862912326 0.500000000 0.500000000 0.000000000 0.000000000 0.715287089 -0.106710054 0.690635443 0.110879759 0.101620771 0.993650913 0.048280932 0.574557114 -0.691402614 0.035648178 0.721589625 -3.003606281
93793700 0.485388169 0.862912326 0.500000000 0.500000000 0.000000000 0.000000000 0.717362285 -0.111333445 0.687747240 0.117481763 0.104680635 0.993167043 0.051586930 0.589310163 -0.688791215 0.034987301 0.724115014 -3.119467820
93960533 0.485388169 0.862912326 0.500000000 0.500000000 0.000000000 0.000000000 0.717443645 -0.117016122 0.686718166 0.111165224 0.109845228 0.992461383 0.054354500 0.614623166 -0.687901616 0.036436427 0.724888742 -3.219243898
94160733 0.485388169 0.862912326 0.500000000 0.500000000 0.000000000 0.000000000 0.715022981 -0.122569911 0.688272297 0.080960594 0.115116455 0.991714299 0.057017289 0.647785934 -0.689558089 0.038462799 0.723208308 -3.337481340
