https://www.youtube.com/watch?v=a-Unpcomk5k
89556133 0.485388169 0.862912326 0.500000000 0.500000000 0.000000000 0.000000000 0.978257239 -0.039836630 0.203533456 0.245092083 0.036878429 0.999152064 0.018307848 0.077670507 -0.204090193 -0.010403790 0.978896797 -0.235501425
89823067 0.485388169 0.862912326 0.500000000 0.500000000 0.000000000 0.000000000 0.963862300 -0.049174406 0.261823207 0.321207335 0.045139242 0.998751283 0.021407528 0.106171810 -0.262548983 -0.008815408 0.964878380 -0.328678207
90123367 0.485388169 0.862912326 0.500000000 0.500000000 0.000000000 0.000000000 0.942003250 -0.057097733 0.330711007 0.377515821 0.051992994 0.998352528 0.024269216 0.131938770 -0.331551880 -0.005667025 0.943419993 -0.461071441
90390300 0.485388169 0.862912326 0.500000000 0.500000000 0.000000000 0.000000000 0.916972876 -0.062473204 0.394027770 0.393679152 0.056315381 0.998042881 0.027184030 0.150416845 -0.394954890 -0.002737193 0.918696463 -0.603991091
90690600 0.485388169 0.862912326 0.500000000 0.500000000 0.000000000 0.000000000 0.883015513 -0.069272175 0.464203626 0.383146000 0.061874375 0.997597098 0.031171000 0.171538756 -0.465247482 0.001197834 0.885179818 -0.798848920
90957533 0.485388169 0.862912326 0.500000000 0.500000000 0.000000000 0.000000000 0.850774944 -0.077667244 0.519759417 0.366802891 0.070449106 0.996947408 0.033657540 0.207340351 -0.520786881 0.007981596 0.853649437 -0.987420146
91257833 0.485388169 0.862912326 0.500000000 0.500000000 0.000000000 0.000000000 0.810479999 -0.086109079 0.579402626 0.304382453 0.077722676 0.996198893 0.039332051 0.240103166 -0.580587089 0.013154886 0.814091861 -1.222000052
91524767 0.485388169 0.862912326 0.500000000 0.500000000 0.000000000 0.000000000 0.775486588 -0.093115076 0.624459922 0.234592547 0.085944004 0.995426834 0.041701358 0.284816135 -0.625487149 0.021329744 0.779942811 -1.433270850
91825067 0.485388169 0.862912326 0.500000000 0.500000000 0.000000000 0.000000000 0.741235256 -0.099066414 0.663894653 0.154270118 0.092772193 0.994676888 0.044846047 0.325069537 -0.664803445 0.028349493 0.746480227 -1.662192171
92092000 0.485388169 0.862912326 0.500000000 0.500000000 0.000000000 0.000000000 0.719043434 -0.101635426 0.687493145 0.093557351 0.098243877 0.994179368 0.044221871 0.373143031 -0.687985957 0.035744540 0.724843204 -1.860791364
92392300 0.485388169 0.862912326 0.500000000 0.500000000 0.000000000 0.000000000 0.704081059 -0.101858601 0.702776432 0.041392052 0.099254534 0.994060338 0.044637762 0.415019915 -0.703148961 0.038325146 0.710008979 -2.081254848
92659233 0.485388169 0.862912326 0.500000000 0.500000000 0.000000000 0.000000000 0.699671984 -0.101486675 0.707219601 0.029108371 0.097025797 0.994186759 0.046676408 0.436482337 -0.707845390 0.035960369 0.705451488 -2.288197380
92959533 0.485388169 0.862912326 0.500000000 0.500000000 0.000000000 0.000000000 0.698375285 -0.101392150 0.708513677 0.018124528 0.096138336 0.994233131 0.047517501 0.471035230 -0.709245682 0.034930274 0.704095483 -2.515672138
93259833 0.485388169 0.862912326 0.500000000 0.500000000 0.000000000 0.000000000 0.704948425 -0.098988213 0.702316940 0.047566428 0.095107265 0.994462848 0.044701166 0.517456396 -0.702853024 0.035283424 0.710459530 -2.724204596
