https://www.youtube.com/watch?v=_ca03xP_KUU
211711000 0.479272232 0.852039479 0.500000000 0.500000000 0.000000000 0.000000000 0.981507540 0.009981525 -0.191163138 -0.006169773 -0.008152251 0.999913156 0.010353266 -0.169136387 0.191249877 -0.008603399 0.981503665 -0.932564016
211978000 0.479272232 0.852039479 0.500000000 0.500000000 0.000000000 0.000000000 0.981123209 0.010271559 -0.193110615 0.006415491 -0.008321189 0.999905884 0.010908158 -0.177831442 0.193204477 -0.009095337 0.981116354 -1.131634522
212279000 0.479272232 0.852039479 0.500000000 0.500000000 0.000000000 0.000000000 0.981182635 0.010434786 -0.192799717 0.054849273 -0.008321574 0.999896109 0.011767227 -0.198153389 0.192902490 -0.009941402 0.981167555 -1.358035645
212546000 0.479272232 0.852039479 0.500000000 0.500000000 0.000000000 0.000000000 0.981009603 0.009739980 -0.193714485 0.132042808 -0.007509680 0.999896824 0.012244345 -0.217216093 0.193813771 -0.010557086 0.980981529 -1.546107736
212846000 0.479272232 0.852039479 0.500000000 0.500000000 0.000000000 0.000000000 0.980886996 0.009304122 -0.194355562 0.237240026 -0.006936427 0.999893248 0.012859305 -0.220749669 0.194454461 -0.011265392 0.980846882 -1.707004120
213112000 0.479272232 0.852039479 0.500000000 0.500000000 0.000000000 0.000000000 0.980812550 0.009127630 -0.194739416 0.343576873 -0.006686049 0.999890625 0.013191325 -0.227157741 0.194838524 -0.011636180 0.980766296 -1.843349559
213412000 0.479272232 0.852039479 0.500000000 0.500000000 0.000000000 0.000000000 0.980477989 0.009147192 -0.196416020 0.475703778 -0.006339272 0.999868572 0.014919724 -0.228808256 0.196526691 -0.013383326 0.980407119 -1.986017469
213679000 0.479272232 0.852039479 0.500000000 0.500000000 0.000000000 0.000000000 0.980492592 0.009917709 -0.196305543 0.583058866 -0.006881964 0.999846041 0.016140489 -0.224751076 0.196435407 -0.014474663 0.980409920 -2.101649299
213980000 0.479272232 0.852039479 0.500000000 0.500000000 0.000000000 0.000000000 0.980163872 0.010474891 -0.197911620 0.720749885 -0.007337276 0.999835610 0.016580308 -0.226333616 0.198052764 -0.014799288 0.980079651 -2.207610897
214247000 0.479272232 0.852039479 0.500000000 0.500000000 0.000000000 0.000000000 0.978107035 0.010358336 -0.207844436 0.882755264 -0.006947223 0.999829054 0.017135113 -0.216201485 0.207986400 -0.015316034 0.978011787 -2.282550580
214547000 0.479272232 0.852039479 0.500000000 0.500000000 0.000000000 0.000000000 0.973163247 0.011026195 -0.229851559 1.057756429 -0.007382579 0.999833167 0.016706010 -0.197806263 0.229997426 -0.014560778 0.973082304 -2.352999764
214814000 0.479272232 0.852039479 0.500000000 0.500000000 0.000000000 0.000000000 0.966870189 0.013693837 -0.254900873 1.198725810 -0.010257521 0.999837756 0.014805457 -0.166976597 0.255062282 -0.011700304 0.966853857 -2.418678595
215114000 0.479272232 0.852039479 0.500000000 0.500000000 0.000000000 0.000000000 0.962542713 0.016596239 -0.270621687 1.310543432 -0.019993093 0.999752104 -0.009799960 -0.099375700 0.270391971 0.014843444 0.962635875 -2.547034894
215414000 0.479272232 0.852039479 0.500000000 0.500000000 0.000000000 0.000000000 0.959750712 0.018002655 -0.280275643 1.401185760 -0.036161337 0.997557998 -0.059752528 0.039017383 0.278515488 0.067482673 0.958058059 -2.682622661
