https://www.youtube.com/watch?v=_ca03xP_KUU
212078000 0.479272232 0.852039479 0.500000000 0.500000000 0.000000000 0.000000000 0.981108844 0.010863926 -0.193151161 0.019480142 -0.008781361 0.999893725 0.011634931 -0.185801323 0.193257034 -0.009719004 0.981100023 -1.207220396
212245000 0.479272232 0.852039479 0.500000000 0.500000000 0.000000000 0.000000000 0.981206656 0.010493318 -0.192674309 0.047262620 -0.008341321 0.999893486 0.011976899 -0.196644454 0.192779467 -0.010144655 0.981189668 -1.332579514
212412000 0.479272232 0.852039479 0.500000000 0.500000000 0.000000000 0.000000000 0.981131375 0.009989015 -0.193084016 0.089602762 -0.007912135 0.999902308 0.011524491 -0.209028987 0.193180263 -0.009779332 0.981114566 -1.458343512
212579000 0.479272232 0.852039479 0.500000000 0.500000000 0.000000000 0.000000000 0.980986536 0.009889571 -0.193823576 0.142988232 -0.007621351 0.999893546 0.012444697 -0.219217661 0.193926007 -0.010730883 0.980957448 -1.565616727
212746000 0.479272232 0.852039479 0.500000000 0.500000000 0.000000000 0.000000000 0.980907381 0.009417370 -0.194247320 0.202069071 -0.007269385 0.999904335 0.011767862 -0.219211705 0.194339558 -0.010131124 0.980881989 -1.654996418
212913000 0.479272232 0.852039479 0.500000000 0.500000000 0.000000000 0.000000000 0.980841637 0.009196524 -0.194589555 0.262465567 -0.006609587 0.999880970 0.013939449 -0.224018296 0.194694594 -0.012386235 0.980785728 -1.740759996
213112000 0.479272232 0.852039479 0.500000000 0.500000000 0.000000000 0.000000000 0.980812550 0.009127630 -0.194739416 0.343576873 -0.006686049 0.999890625 0.013191325 -0.227157741 0.194838524 -0.011636180 0.980766296 -1.843349559
213279000 0.479272232 0.852039479 0.500000000 0.500000000 0.000000000 0.000000000 0.980493903 0.009053789 -0.196340859 0.419120133 -0.006299877 0.999872863 0.014646200 -0.230109231 0.196448520 -0.013123587 0.980426311 -1.921706921
213446000 0.479272232 0.852039479 0.500000000 0.500000000 0.000000000 0.000000000 0.980334044 0.009148465 -0.197133064 0.491943193 -0.006159810 0.999856710 0.015768444 -0.229004834 0.197249070 -0.014244041 0.980249941 -2.001160080
213613000 0.479272232 0.852039479 0.500000000 0.500000000 0.000000000 0.000000000 0.980392158 0.009613466 -0.196821600 0.558373534 -0.006672133 0.999855995 0.015601818 -0.224721707 0.196943253 -0.013982680 0.980315149 -2.074274069
213779000 0.479272232 0.852039479 0.500000000 0.500000000 0.000000000 0.000000000 0.980493963 0.009960363 -0.196296573 0.623893674 -0.006936011 0.999846518 0.016088497 -0.223079036 0.196426690 -0.014413159 0.980412602 -2.137999468
213946000 0.479272232 0.852039479 0.500000000 0.500000000 0.000000000 0.000000000 0.980379820 0.010693249 -0.196827397 0.699812821 -0.007542110 0.999831200 0.016752303 -0.227942951 0.196973309 -0.014939127 0.980295002 -2.197760648
214146000 0.479272232 0.852039479 0.500000000 0.500000000 0.000000000 0.000000000 0.979374588 0.009917496 -0.201809332 0.814920839 -0.006856939 0.999850750 0.015859045 -0.216071799 0.201936498 -0.014148152 0.979296446 -2.259941063
214313000 0.479272232 0.852039479 0.500000000 0.500000000 0.000000000 0.000000000 0.977240086 0.010313706 -0.211885542 0.923878346 -0.006808316 0.999827743 0.017266726 -0.213645187 0.212027133 -0.015431152 0.977141917 -2.298546075
214480000 0.479272232 0.852039479 0.500000000 0.500000000 0.000000000 0.000000000 0.974372387 0.010545789 -0.224693686 1.023098265 -0.007014100 0.999839067 0.016510243 -0.202358523 0.224831656 -0.014511099 0.974289536 -2.336883235
214647000 0.479272232 0.852039479 0.500000000 0.500000000 0.000000000 0.000000000 0.970687985 0.012000944 -0.240043446 1.114468699 -0.008058093 0.999816120 0.017400362 -0.191482059 0.240208134 -0.014956030 0.970606208 -2.373449288
214814000 0.479272232 0.852039479 0.500000000 0.500000000 0.000000000 0.000000000 0.966870189 0.013693837 -0.254900873 1.198725810 -0.010257521 0.999837756 0.014805457 -0.166976597 0.255062282 -0.011700304 0.966853857 -2.418678595
214981000 0.479272232 0.852039479 0.500000000 0.500000000 0.000000000 0.000000000 0.964416146 0.015124563 -0.263955861 1.261415498 -0.015491933 0.999879777 0.000689789 -0.124738174 0.263934553 0.003423943 0.964534521 -2.488291986
215181000 0.479272232 0.852039479 0.500000000 0.500000000 0.000000000 0.000000000 0.961933076 0.016891202 -0.272762626 1.331672110 -0.022902885 0.999559581 -0.018870916 -0.076291319 0.272323757 0.024399608 0.961896241 -2.579417067
215348000 0.479272232 0.852039479 0.500000000 0.500000000 0.000000000 0.000000000 0.960170150 0.017672766 -0.278856426 1.385267829 -0.031079723 0.998559833 -0.043730423 -0.007773330 0.277681977 0.050655428 0.959336638 -2.653662977
215515000 0.479272232 0.852039479 0.500000000 0.500000000 0.000000000 0.000000000 0.959171832 0.017540060 -0.282279491 1.424533991 -0.041599691 0.995969117 -0.079466961 0.101994757 0.279747814 0.087965213 0.956035197 -2.725926173
215681000 0.479272232 0.852039479 0.500000000 0.500000000 0.000000000 0.000000000 0.958615839 0.017946823 -0.284136623 1.452641041 -0.050743751 0.992801547 -0.108490512 0.201790053 0.280144215 0.118418880 0.952625930 -2.789404412
215848000 0.479272232 0.852039479 0.500000000 0.500000000 0.000000000 0.000000000 0.958124936 0.017704720 -0.285802603 1.475525887 -0.056795157 0.990007460 -0.129071787 0.280252282 0.280661523 0.139899105 0.949556410 -2.857222541
216015000 0.479272232 0.852039479 0.500000000 0.500000000 0.000000000 0.000000000 0.958040893 0.018267807 -0.286048800 1.493161376 -0.062177986 0.987448573 -0.145186886 0.346856721 0.279806226 0.156880915 0.947151959 -2.929304305
216215000 0.479272232 0.852039479 0.500000000 0.500000000 0.000000000 0.000000000 0.959765971 0.017995594 -0.280223966 1.499055201 -0.064145394 0.985608101 -0.156403333 0.410155748 0.273376435 0.168085665 0.947107434 -3.033597428
