https://www.youtube.com/watch?v=in69BD2eZqg
195161633 0.507650910 0.902490531 0.500000000 0.500000000 0.000000000 0.000000000 0.999976993 -0.003071866 0.006052452 0.037627942 0.003092153 0.999989629 -0.003345382 0.206876054 -0.006042113 0.003364020 0.999976099 -0.240768750
195328467 0.507650910 0.902490531 0.500000000 0.500000000 0.000000000 0.000000000 0.999913514 -0.003797470 0.012590170 0.037371090 0.003835545 0.999988139 -0.003001482 0.258472399 -0.012578622 0.003049513 0.999916255 -0.264166944
195495300 0.507650910 0.902490531 0.500000000 0.500000000 0.000000000 0.000000000 0.999804139 -0.004247059 0.019329911 0.038498871 0.004311955 0.999985218 -0.003316826 0.307481199 -0.019315537 0.003399526 0.999807656 -0.276803884
195662133 0.507650910 0.902490531 0.500000000 0.500000000 0.000000000 0.000000000 0.999610126 -0.005408245 0.027391966 0.038009080 0.005529573 0.999975204 -0.004355530 0.361086350 -0.027367733 0.004505298 0.999615252 -0.278727233
195828967 0.507650910 0.902490531 0.500000000 0.500000000 0.000000000 0.000000000 0.999336481 -0.006239665 0.035883281 0.034735125 0.006456365 0.999961615 -0.005926326 0.417233500 -0.035844926 0.006154070 0.999338388 -0.270773664
195995800 0.507650910 0.902490531 0.500000000 0.500000000 0.000000000 0.000000000 0.999090433 -0.007104441 0.042045686 0.033419301 0.007331387 0.999959350 -0.005245875 0.473378445 -0.042006709 0.005549357 0.999101937 -0.261640758
196196000 0.507650910 0.902490531 0.500000000 0.500000000 0.000000000 0.000000000 0.998589635 -0.007975463 0.052489758 0.032633405 0.008245680 0.999953806 -0.004933467 0.535259197 -0.052447986 0.005359322 0.998609304 -0.250263159
196362833 0.507650910 0.902490531 0.500000000 0.500000000 0.000000000 0.000000000 0.998181939 -0.008554175 0.059662651 0.028043281 0.008866202 0.999948382 -0.004967103 0.576287383 -0.059617080 0.005487053 0.998206258 -0.238836996
196529667 0.507650910 0.902490531 0.500000000 0.500000000 0.000000000 0.000000000 0.997807026 -0.009027892 0.065571494 0.020762443 0.009380648 0.999943137 -0.005073830 0.611177122 -0.065521955 0.005677806 0.997834980 -0.221059185
196696500 0.507650910 0.902490531 0.500000000 0.500000000 0.000000000 0.000000000 0.997390270 -0.009296595 0.071597412 0.013903395 0.009683816 0.999940276 -0.005063088 0.639742116 -0.071546070 0.005743211 0.997420788 -0.192511620
196863333 0.507650910 0.902490531 0.500000000 0.500000000 0.000000000 0.000000000 0.996968508 -0.009326802 0.077245183 0.007660940 0.009716687 0.999941885 -0.004673062 0.661375479 -0.077197112 0.005409463 0.997001171 -0.161790087
197030167 0.507650910 0.902490531 0.500000000 0.500000000 0.000000000 0.000000000 0.996511698 -0.009557574 0.082903855 0.000657017 0.009994033 0.999938309 -0.004851241 0.672208252 -0.082852371 0.005662862 0.996545732 -0.126490956
197230367 0.507650910 0.902490531 0.500000000 0.500000000 0.000000000 0.000000000 0.996102691 -0.010129508 0.087617576 -0.013035317 0.010638822 0.999929130 -0.005347892 0.673139255 -0.087557197 0.006259197 0.996139824 -0.073934910
197397200 0.507650910 0.902490531 0.500000000 0.500000000 0.000000000 0.000000000 0.995961964 -0.010034073 0.089213885 -0.025143057 0.010407046 0.999938965 -0.003716475 0.666403518 -0.089171149 0.004629921 0.996005535 -0.027130940
197564033 0.507650910 0.902490531 0.500000000 0.500000000 0.000000000 0.000000000 0.995849669 -0.009882330 0.090475440 -0.039230446 0.010261126 0.999940395 -0.003722523 0.652124926 -0.090433262 0.004635453 0.995891750 0.029309661
197730867 0.507650910 0.902490531 0.500000000 0.500000000 0.000000000 0.000000000 0.995756924 -0.010019524 0.091475174 -0.055068664 0.010371366 0.999940515 -0.003371752 0.630272532 -0.091435947 0.004306168 0.995801628 0.101088973
197897700 0.507650910 0.902490531 0.500000000 0.500000000 0.000000000 0.000000000 0.995885789 -0.009802628 0.090085521 -0.068138022 0.010283959 0.999935210 -0.004880426 0.600038118 -0.090031847 0.005786783 0.995922089 0.182818315
198064533 0.507650910 0.902490531 0.500000000 0.500000000 0.000000000 0.000000000 0.995840013 -0.010080555 0.090559855 -0.077047283 0.010255665 0.999946356 -0.001468501 0.569244350 -0.090540186 0.002391143 0.995889962 0.259090585
198264733 0.507650910 0.902490531 0.500000000 0.500000000 0.000000000 0.000000000 0.995863378 -0.010109165 0.090299115 -0.082291512 0.010262243 0.999946594 -0.001231105 0.534897586 -0.090281844 0.002152683 0.995913923 0.348298991
198431567 0.507650910 0.902490531 0.500000000 0.500000000 0.000000000 0.000000000 0.996120393 -0.010062339 0.087423652 -0.082856431 0.010250443 0.999945998 -0.001702961 0.509342862 -0.087401800 0.002592486 0.996169746 0.427163225
198598400 0.507650910 0.902490531 0.500000000 0.500000000 0.000000000 0.000000000 0.996832788 -0.009680700 0.078934617 -0.077252838 0.010075771 0.999938607 -0.004608278 0.480071534 -0.078885160 0.005389010 0.996869147 0.513721870
198765233 0.507650910 0.902490531 0.500000000 0.500000000 0.000000000 0.000000000 0.997568011 -0.009045602 0.069110014 -0.060091805 0.009451369 0.999939978 -0.005546598 0.444060897 -0.069055691 0.006186293 0.997593641 0.602911453
198932067 0.507650910 0.902490531 0.500000000 0.500000000 0.000000000 0.000000000 0.998626053 -0.008290987 0.051742285 -0.037270541 0.008407482 0.999962568 -0.002034174 0.410440195 -0.051723484 0.002466401 0.998658419 0.690111645
199098900 0.507650910 0.902490531 0.500000000 0.500000000 0.000000000 0.000000000 0.999656141 -0.006388811 0.025431594 -0.014759559 0.006480854 0.999972761 -0.003538476 0.375793364 -0.025408294 0.003702078 0.999670327 0.777147280
199299100 0.507650910 0.902490531 0.500000000 0.500000000 0.000000000 0.000000000 0.999947906 -0.003541293 -0.009570339 -0.002547566 0.003502194 0.999985456 -0.004099103 0.343015758 0.009584717 0.004065373 0.999945819 0.878377059
