https://www.youtube.com/watch?v=in69BD2eZqg
195562033 0.507650910 0.902490531 0.500000000 0.500000000 0.000000000 0.000000000 0.999749303 -0.004518872 0.021929268 0.038810557 0.004613766 0.999980211 -0.004278630 0.328177052 -0.021909500 0.004378735 0.999750376 -0.278403591
195828967 0.507650910 0.902490531 0.500000000 0.500000000 0.000000000 0.000000000 0.999336481 -0.006239665 0.035883281 0.034735125 0.006456365 0.999961615 -0.005926326 0.417233500 -0.035844926 0.006154070 0.999338388 -0.270773664
196095900 0.507650910 0.902490531 0.500000000 0.500000000 0.000000000 0.000000000 0.998902142 -0.007417044 0.046254709 0.033849936 0.007582225 0.999965489 -0.003396692 0.504852301 -0.046227921 0.003743677 0.998923898 -0.256677740
196396200 0.507650910 0.902490531 0.500000000 0.500000000 0.000000000 0.000000000 0.998096347 -0.008753631 0.061049398 0.026475959 0.009088391 0.999945164 -0.005207890 0.583593760 -0.061000463 0.005752816 0.998121142 -0.236166024
196663133 0.507650910 0.902490531 0.500000000 0.500000000 0.000000000 0.000000000 0.997463286 -0.009214416 0.070583619 0.014842158 0.009590282 0.999941587 -0.004988078 0.634675512 -0.070533529 0.005652342 0.997493386 -0.198663134
196963433 0.507650910 0.902490531 0.500000000 0.500000000 0.000000000 0.000000000 0.996699810 -0.009558053 0.080611102 0.003250557 0.009986609 0.999938071 -0.004914839 0.670145924 -0.080559134 0.005703651 0.996733487 -0.141256339
197230367 0.507650910 0.902490531 0.500000000 0.500000000 0.000000000 0.000000000 0.996102691 -0.010129508 0.087617576 -0.013035317 0.010638822 0.999929130 -0.005347892 0.673139255 -0.087557197 0.006259197 0.996139824 -0.073934910
197530667 0.507650910 0.902490531 0.500000000 0.500000000 0.000000000 0.000000000 0.995880842 -0.009925503 0.090126604 -0.036202423 0.010367444 0.999936402 -0.004436717 0.655632681 -0.090076834 0.005352824 0.995920420 0.017267095
197797600 0.507650910 0.902490531 0.500000000 0.500000000 0.000000000 0.000000000 0.995802402 -0.010077500 0.090972595 -0.060858524 0.010445373 0.999939084 -0.003568561 0.618604505 -0.090931088 0.004503824 0.995846987 0.133592270
198097900 0.507650910 0.902490531 0.500000000 0.500000000 0.000000000 0.000000000 0.995846093 -0.010148350 0.090484887 -0.077962281 0.010412642 0.999942780 -0.002449236 0.561822755 -0.090454854 0.003381249 0.995894790 0.274195378
198364833 0.507650910 0.902490531 0.500000000 0.500000000 0.000000000 0.000000000 0.995989919 -0.009936163 0.088912196 -0.082315587 0.010200773 0.999944806 -0.002522171 0.520613290 -0.088882230 0.003419030 0.996036291 0.395169547
198665133 0.507650910 0.902490531 0.500000000 0.500000000 0.000000000 0.000000000 0.997159958 -0.009351323 0.074730076 -0.068472873 0.009822783 0.999934077 -0.005943770 0.466061412 -0.074669570 0.006660947 0.997186065 0.549834051
198932067 0.507650910 0.902490531 0.500000000 0.500000000 0.000000000 0.000000000 0.998626053 -0.008290987 0.051742285 -0.037270541 0.008407482 0.999962568 -0.002034174 0.410440195 -0.051723484 0.002466401 0.998658419 0.690111645
199232367 0.507650910 0.902490531 0.500000000 0.500000000 0.000000000 0.000000000 0.999980092 -0.004756952 0.004140501 -0.005957613 0.004773445 0.999980688 -0.003982662 0.354437092 -0.004121476 0.004002347 0.999983490 0.842797271
199499300 0.507650910 0.902490531 0.500000000 0.500000000 0.000000000 0.000000000 0.998872638 0.001147069 -0.047456335 0.002603018 -0.001435435 0.999980688 -0.006042828 0.295339877 0.047448486 0.006104136 0.998855054 0.988644188
199799600 0.507650910 0.902490531 0.500000000 0.500000000 0.000000000 0.000000000 0.992951691 0.008710741 -0.118199304 -0.030798243 -0.009495872 0.999936402 -0.006080875 0.208803899 0.118138820 0.007160421 0.992971301 1.161643267
