https://www.youtube.com/watch?v=in69BD2eZqg
196429567 0.507650910 0.902490531 0.500000000 0.500000000 0.000000000 0.000000000 0.998043656 -0.008898078 0.061884791 0.025798442 0.009229627 0.999944508 -0.005073697 0.590754668 -0.061836209 0.005634944 0.998070419 -0.233247137
196696500 0.507650910 0.902490531 0.500000000 0.500000000 0.000000000 0.000000000 0.997390270 -0.009296595 0.071597412 0.013903395 0.009683816 0.999940276 -0.005063088 0.639742116 -0.071546070 0.005743211 0.997420788 -0.192511620
196996800 0.507650910 0.902490531 0.500000000 0.500000000 0.000000000 0.000000000 0.996610820 -0.009389835 0.081723645 0.001640113 0.009820240 0.999939919 -0.004866215 0.671455284 -0.081673041 0.005652268 0.996643126 -0.133688656
197263733 0.507650910 0.902490531 0.500000000 0.500000000 0.000000000 0.000000000 0.996082366 -0.010138805 0.087847337 -0.016342035 0.010684925 0.999926388 -0.005748684 0.672634560 -0.087782584 0.006664804 0.996117353 -0.063974549
197564033 0.507650910 0.902490531 0.500000000 0.500000000 0.000000000 0.000000000 0.995849669 -0.009882330 0.090475440 -0.039230446 0.010261126 0.999940395 -0.003722523 0.652124926 -0.090433262 0.004635453 0.995891750 0.029309661
197830967 0.507650910 0.902490531 0.500000000 0.500000000 0.000000000 0.000000000 0.995805681 -0.010101050 0.090933874 -0.063966908 0.010504867 0.999936998 -0.003963242 0.612482840 -0.090888113 0.004901868 0.995849073 0.150119615
198131267 0.507650910 0.902490531 0.500000000 0.500000000 0.000000000 0.000000000 0.995871365 -0.010241830 0.090195827 -0.078531843 0.010570447 0.999939144 -0.003166437 0.555611063 -0.090157904 0.004106774 0.995918989 0.288647339
198398200 0.507650910 0.902490531 0.500000000 0.500000000 0.000000000 0.000000000 0.996041775 -0.010097718 0.088310808 -0.082279252 0.010292084 0.999945521 -0.001745854 0.514557838 -0.088288367 0.002647846 0.996091425 0.410873608
198698500 0.507650910 0.902490531 0.500000000 0.500000000 0.000000000 0.000000000 0.997259557 -0.009423457 0.073379643 -0.066031947 0.009896892 0.999932468 -0.006090916 0.457751923 -0.073317289 0.006800454 0.997285485 0.567670483
198965433 0.507650910 0.902490531 0.500000000 0.500000000 0.000000000 0.000000000 0.998894870 -0.008021683 0.046310849 -0.031951124 0.008127374 0.999964774 -0.002094371 0.405029944 -0.046292417 0.002468442 0.998924911 0.707543520
199265733 0.507650910 0.902490531 0.500000000 0.500000000 0.000000000 0.000000000 0.999987304 -0.004264246 -0.002686474 -0.003940793 0.004252980 0.999982178 -0.004185534 0.350251174 0.002704274 0.004174056 0.999987602 0.860228697
199532667 0.507650910 0.902490531 0.500000000 0.500000000 0.000000000 0.000000000 0.998511136 0.001477750 -0.054528367 0.001275705 -0.001786051 0.999982715 -0.005605645 0.289542627 0.054519139 0.005694689 0.998496473 1.006409043
199832967 0.507650910 0.902490531 0.500000000 0.500000000 0.000000000 0.000000000 0.991945446 0.009338647 -0.126321211 -0.042639243 -0.010065611 0.999936223 -0.005117786 0.198872046 0.126265362 0.006348064 0.991976202 1.178174631
200133267 0.507650910 0.902490531 0.500000000 0.500000000 0.000000000 0.000000000 0.973961055 0.020193946 -0.225814342 -0.167000046 -0.021393530 0.999767005 -0.002866175 0.129793413 0.225703865 0.007622509 0.974166155 1.328984423
