https://www.youtube.com/watch?v=-aldZQifF2U
103736967 0.474175212 0.842978122 0.500000000 0.500000000 0.000000000 0.000000000 0.804089785 -0.073792785 0.589910388 -2.686968354 0.081914566 0.996554494 0.013005137 0.128970374 -0.588837504 0.037864953 0.807363987 -1.789505608
104003900 0.474175212 0.842978122 0.500000000 0.500000000 0.000000000 0.000000000 0.772824645 -0.077280566 0.629896700 -2.856354365 0.084460691 0.996253133 0.018602582 0.115028772 -0.628974140 0.038824979 0.776456118 -1.799931844
104270833 0.474175212 0.842978122 0.500000000 0.500000000 0.000000000 0.000000000 0.740043461 -0.078656308 0.667943776 -3.017167990 0.086847030 0.995998919 0.021066183 0.116867188 -0.666928232 0.042419042 0.743913531 -1.815074499
104571133 0.474175212 0.842978122 0.500000000 0.500000000 0.000000000 0.000000000 0.696879685 -0.073477358 0.713414192 -3.221640235 0.086792909 0.996067226 0.017807571 0.133618379 -0.711916924 0.049509555 0.700516284 -1.784051774
104838067 0.474175212 0.842978122 0.500000000 0.500000000 0.000000000 0.000000000 0.654997289 -0.066671766 0.752684176 -3.418233112 0.086666502 0.996154904 0.012819566 0.161623584 -0.750644684 0.056835718 0.658256948 -1.733288907
105138367 0.474175212 0.842978122 0.500000000 0.500000000 0.000000000 0.000000000 0.603833497 -0.059696361 0.794871926 -3.619566170 0.087576874 0.996123314 0.008281946 0.184519895 -0.792284906 0.064611480 0.606720686 -1.643568460
105405300 0.474175212 0.842978122 0.500000000 0.500000000 0.000000000 0.000000000 0.555575073 -0.055402864 0.829618514 -3.768244320 0.089813948 0.995938241 0.006363695 0.197587954 -0.826601386 0.070975810 0.558294415 -1.559717271
105705600 0.474175212 0.842978122 0.500000000 0.500000000 0.000000000 0.000000000 0.501615226 -0.052979972 0.863467038 -3.914896511 0.093892507 0.995560884 0.006539768 0.201989601 -0.859980464 0.077792637 0.504362881 -1.476983336
105972533 0.474175212 0.842978122 0.500000000 0.500000000 0.000000000 0.000000000 0.454045177 -0.052372806 0.889438093 -4.034987790 0.099656843 0.994991958 0.007714771 0.211683202 -0.885387778 0.085135736 0.456990600 -1.405070279
106272833 0.474175212 0.842978122 0.500000000 0.500000000 0.000000000 0.000000000 0.397668689 -0.051785514 0.916066527 -4.178181130 0.105599925 0.994354606 0.010369749 0.208751884 -0.911431968 0.092612833 0.400892258 -1.295093582
106539767 0.474175212 0.842978122 0.500000000 0.500000000 0.000000000 0.000000000 0.345666498 -0.052948993 0.936862350 -4.285116664 0.110631727 0.993743002 0.015344846 0.195070069 -0.931812882 0.098342501 0.349361509 -1.182773054
106840067 0.474175212 0.842978122 0.500000000 0.500000000 0.000000000 0.000000000 0.284817457 -0.055293880 0.956985712 -4.392320606 0.115495987 0.993041575 0.023003323 0.168523273 -0.951598525 0.103976257 0.289221793 -1.053514096
107107000 0.474175212 0.842978122 0.500000000 0.500000000 0.000000000 0.000000000 0.228878200 -0.056077410 0.971838534 -4.485196000 0.120451130 0.992298782 0.028890507 0.159180748 -0.965974271 0.110446639 0.233870149 -0.923927626
107407300 0.474175212 0.842978122 0.500000000 0.500000000 0.000000000 0.000000000 0.162932962 -0.053445265 0.985188544 -4.601126217 0.124115810 0.991709769 0.033272449 0.152041098 -0.978799343 0.116856292 0.168215603 -0.758111250
107674233 0.474175212 0.842978122 0.500000000 0.500000000 0.000000000 0.000000000 0.102818660 -0.051196381 0.993381739 -4.691710857 0.127722457 0.991087139 0.037858382 0.141352300 -0.986466050 0.122984610 0.108441174 -0.599244073
107974533 0.474175212 0.842978122 0.500000000 0.500000000 0.000000000 0.000000000 0.034108389 -0.050325166 0.998150289 -4.758242879 0.132215530 0.990180492 0.045405328 0.118994547 -0.990633965 0.130422264 0.040427230 -0.433560831
