https://www.youtube.com/watch?v=-aldZQifF2U
102535767 0.474175212 0.842978122 0.500000000 0.500000000 0.000000000 0.000000000 0.905229092 -0.046395738 0.422383368 -1.989236745 0.056940742 0.998300850 -0.012376227 0.170129216 -0.421091467 0.035254143 0.906332791 -1.530855074
102802700 0.474175212 0.842978122 0.500000000 0.500000000 0.000000000 0.000000000 0.886435926 -0.054286372 0.459656775 -2.141889518 0.064291254 0.997912347 -0.006128567 0.154940510 -0.458364457 0.034984492 0.888075531 -1.603595802
103103000 0.474175212 0.842978122 0.500000000 0.500000000 0.000000000 0.000000000 0.863879442 -0.061072338 0.499982417 -2.302894896 0.070496514 0.997512043 0.000039799 0.135991861 -0.498740911 0.035212636 0.866035521 -1.690918058
103369933 0.474175212 0.842978122 0.500000000 0.500000000 0.000000000 0.000000000 0.842624545 -0.068315826 0.534150600 -2.446740077 0.076732203 0.997030735 0.006471093 0.131026419 -0.533006608 0.035533849 0.845364571 -1.751849120
103670233 0.474175212 0.842978122 0.500000000 0.500000000 0.000000000 0.000000000 0.811710954 -0.072841845 0.579499304 -2.642140620 0.080957837 0.996646762 0.011877886 0.129594647 -0.578421295 0.037273601 0.814886153 -1.787012886
103937167 0.474175212 0.842978122 0.500000000 0.500000000 0.000000000 0.000000000 0.780782044 -0.076594949 0.620090783 -2.814466079 0.083962977 0.996317863 0.017346067 0.117562837 -0.619136155 0.038521171 0.784338295 -1.796122099
104237467 0.474175212 0.842978122 0.500000000 0.500000000 0.000000000 0.000000000 0.744312227 -0.078707457 0.663177490 -2.996890337 0.086418577 0.996032894 0.021220276 0.114648502 -0.662216783 0.041516345 0.748161256 -1.814405245
104504400 0.474175212 0.842978122 0.500000000 0.500000000 0.000000000 0.000000000 0.706461906 -0.074765891 0.703790903 -3.177137127 0.086851373 0.996047020 0.018632174 0.129874960 -0.702401876 0.047962286 0.710162818 -1.792277939
104804700 0.474175212 0.842978122 0.500000000 0.500000000 0.000000000 0.000000000 0.660411298 -0.067589007 0.747856021 -3.393589015 0.086662821 0.996146262 0.013499162 0.157431071 -0.745886385 0.055896319 0.663723648 -1.740789681
105071633 0.474175212 0.842978122 0.500000000 0.500000000 0.000000000 0.000000000 0.615453243 -0.060982618 0.785810709 -3.579413371 0.087325111 0.996140003 0.008911444 0.182354075 -0.783320904 0.063136429 0.618402898 -1.664903035
105371933 0.474175212 0.842978122 0.500000000 0.500000000 0.000000000 0.000000000 0.561377883 -0.055783633 0.825677335 -3.752373081 0.089227341 0.995989263 0.006624432 0.194667304 -0.822735310 0.069954179 0.564103782 -1.568545872
105638867 0.474175212 0.842978122 0.500000000 0.500000000 0.000000000 0.000000000 0.513595998 -0.053130932 0.856385589 -3.883978406 0.093043700 0.995644152 0.005970009 0.205392263 -0.852972448 0.076615110 0.516302347 -1.494875553
105939167 0.474175212 0.842978122 0.500000000 0.500000000 0.000000000 0.000000000 0.460129738 -0.052489564 0.886298716 -4.019058974 0.098944500 0.995064199 0.007563117 0.210235943 -0.882321119 0.084214367 0.463052183 -1.415137008
106239467 0.474175212 0.842978122 0.500000000 0.500000000 0.000000000 0.000000000 0.404144615 -0.051714677 0.913232028 -4.163043658 0.104999557 0.994423509 0.009845568 0.210349578 -0.908648551 0.091909930 0.407320917 -1.308948274
