https://www.youtube.com/watch?v=-aldZQifF2U
103837067 0.474175212 0.842978122 0.500000000 0.500000000 0.000000000 0.000000000 0.792261064 -0.075338066 0.605513453 -2.753106466 0.083067641 0.996426642 0.015288832 0.122302125 -0.604501545 0.038185827 0.795688212 -1.791608923
104003900 0.474175212 0.842978122 0.500000000 0.500000000 0.000000000 0.000000000 0.772824645 -0.077280566 0.629896700 -2.856354365 0.084460691 0.996253133 0.018602582 0.115028772 -0.628974140 0.038824979 0.776456118 -1.799931844
104170733 0.474175212 0.842978122 0.500000000 0.500000000 0.000000000 0.000000000 0.752573133 -0.078496389 0.653813422 -2.957175162 0.085868694 0.996090353 0.020750597 0.112823623 -0.652886093 0.040525761 0.756371260 -1.810994932
104337567 0.474175212 0.842978122 0.500000000 0.500000000 0.000000000 0.000000000 0.730659664 -0.077806436 0.678293884 -3.062095207 0.087071396 0.995992005 0.020455774 0.121362801 -0.677166939 0.044113789 0.734505892 -1.811030009
104504400 0.474175212 0.842978122 0.500000000 0.500000000 0.000000000 0.000000000 0.706461906 -0.074765891 0.703790903 -3.177137127 0.086851373 0.996047020 0.018632174 0.129874960 -0.702401876 0.047962286 0.710162818 -1.792277939
104671233 0.474175212 0.842978122 0.500000000 0.500000000 0.000000000 0.000000000 0.681627631 -0.071119592 0.728234708 -3.294052837 0.086847432 0.996093273 0.015989548 0.143049226 -0.726526856 0.052346393 0.685141265 -1.768016440
104871433 0.474175212 0.842978122 0.500000000 0.500000000 0.000000000 0.000000000 0.649465024 -0.065721743 0.757545888 -3.442979418 0.086763002 0.996156216 0.012038323 0.166510317 -0.755425274 0.057908490 0.652670860 -1.724684703
105038267 0.474175212 0.842978122 0.500000000 0.500000000 0.000000000 0.000000000 0.621174812 -0.061671518 0.781241655 -3.558270668 0.087205477 0.996146977 0.009298084 0.180848136 -0.778804898 0.062352814 0.624159455 -1.675155675
105205100 0.474175212 0.842978122 0.500000000 0.500000000 0.000000000 0.000000000 0.591690660 -0.058407109 0.804046512 -3.660407702 0.087778911 0.996109724 0.007763143 0.186383384 -0.801371992 0.065984949 0.594515741 -1.621257762
105371933 0.474175212 0.842978122 0.500000000 0.500000000 0.000000000 0.000000000 0.561377883 -0.055783633 0.825677335 -3.752373081 0.089227341 0.995989263 0.006624432 0.194667304 -0.822735310 0.069954179 0.564103782 -1.568545872
105538767 0.474175212 0.842978122 0.500000000 0.500000000 0.000000000 0.000000000 0.531322777 -0.053783599 0.845460474 -3.836961453 0.091640897 0.995775461 0.005754844 0.205166191 -0.842198372 0.074421078 0.534006953 -1.522108893
105705600 0.474175212 0.842978122 0.500000000 0.500000000 0.000000000 0.000000000 0.501615226 -0.052979972 0.863467038 -3.914896511 0.093892507 0.995560884 0.006539768 0.201989601 -0.859980464 0.077792637 0.504362881 -1.476983336
105905800 0.474175212 0.842978122 0.500000000 0.500000000 0.000000000 0.000000000 0.466019660 -0.052434672 0.883219302 -4.004424531 0.098161966 0.995143771 0.007285428 0.209186293 -0.879312158 0.083303392 0.468903631 -1.424243874
106072633 0.474175212 0.842978122 0.500000000 0.500000000 0.000000000 0.000000000 0.435604274 -0.051984914 0.898635924 -4.083866394 0.101657487 0.994785070 0.008269622 0.213039517 -0.894379497 0.087750785 0.438617289 -1.372398599
106239467 0.474175212 0.842978122 0.500000000 0.500000000 0.000000000 0.000000000 0.404144615 -0.051714677 0.913232028 -4.163043658 0.104999557 0.994423509 0.009845568 0.210349578 -0.908648551 0.091909930 0.407320917 -1.308948274
106406300 0.474175212 0.842978122 0.500000000 0.500000000 0.000000000 0.000000000 0.372057080 -0.052390546 0.926730156 -4.232320456 0.108426183 0.994023800 0.012664661 0.202983014 -0.921855330 0.095769837 0.375514120 -1.239784641
106573133 0.474175212 0.842978122 0.500000000 0.500000000 0.000000000 0.000000000 0.338993609 -0.053159237 0.939285576 -4.297918560 0.111065105 0.993681848 0.016153777 0.191918628 -0.934209764 0.098845825 0.342755914 -1.169019518
106739967 0.474175212 0.842978122 0.500000000 0.500000000 0.000000000 0.000000000 0.305330545 -0.054462686 0.950687706 -4.358390475 0.113597691 0.993316948 0.020420864 0.175834622 -0.945446372 0.101760812 0.309476852 -1.098186456
106940167 0.474175212 0.842978122 0.500000000 0.500000000 0.000000000 0.000000000 0.264192373 -0.056177936 0.962832510 -4.426586558 0.117604628 0.992729127 0.025652671 0.163465045 -0.957272947 0.106456317 0.268878251 -1.008524756
107107000 0.474175212 0.842978122 0.500000000 0.500000000 0.000000000 0.000000000 0.228878200 -0.056077410 0.971838534 -4.485196000 0.120451130 0.992298782 0.028890507 0.159180748 -0.965974271 0.110446639 0.233870149 -0.923927626
107273833 0.474175212 0.842978122 0.500000000 0.500000000 0.000000000 0.000000000 0.192813009 -0.054965079 0.979694843 -4.547398479 0.122527294 0.991963863 0.031538919 0.153786345 -0.973555446 0.113958240 0.197998255 -0.835885482
107440667 0.474175212 0.842978122 0.500000000 0.500000000 0.000000000 0.000000000 0.155427963 -0.053089641 0.986419618 -4.614075971 0.124575593 0.991636276 0.033741303 0.151495104 -0.979960740 0.117639467 0.160741687 -0.738650735
107607500 0.474175212 0.842978122 0.500000000 0.500000000 0.000000000 0.000000000 0.117806904 -0.051662166 0.991691768 -4.672324721 0.126608506 0.991277337 0.036600262 0.144364476 -0.984932423 0.121244848 0.123320177 -0.639080225
107774333 0.474175212 0.842978122 0.500000000 0.500000000 0.000000000 0.000000000 0.080108978 -0.050879046 0.995486736 -4.716803649 0.129048899 0.990820825 0.040255725 0.133545828 -0.988397181 0.125241622 0.085939527 -0.541709066
107974533 0.474175212 0.842978122 0.500000000 0.500000000 0.000000000 0.000000000 0.034108389 -0.050325166 0.998150289 -4.758242879 0.132215530 0.990180492 0.045405328 0.118994547 -0.990633965 0.130422264 0.040427230 -0.433560831
