https://www.youtube.com/watch?v=sLIFyXD2ujI
77010267 0.483930168 0.860320329 0.500000000 0.500000000 0.000000000 0.000000000 0.991455436 0.021077231 -0.128731906 -0.119416025 -0.023393147 0.999590099 -0.016504617 0.019347615 0.128331259 0.019375037 0.991542101 -0.092957340
77243833 0.483930168 0.860320329 0.500000000 0.500000000 0.000000000 0.000000000 0.986177087 0.025560323 -0.163711458 -0.158754479 -0.028721033 0.999443412 -0.016968429 0.025782331 0.163186625 0.021435838 0.986362338 -0.134701626
77510767 0.483930168 0.860320329 0.500000000 0.500000000 0.000000000 0.000000000 0.977923751 0.032059740 -0.206488013 -0.207089421 -0.036500584 0.999176323 -0.017732047 0.035863539 0.205749452 0.024877524 0.978288412 -0.195509286
77744333 0.483930168 0.860320329 0.500000000 0.500000000 0.000000000 0.000000000 0.967646420 0.036848381 -0.249604791 -0.239590675 -0.042628929 0.998932540 -0.017790848 0.043764684 0.248682797 0.027855637 0.968184352 -0.255631393
78011267 0.483930168 0.860320329 0.500000000 0.500000000 0.000000000 0.000000000 0.951574743 0.041517317 -0.304601073 -0.250655267 -0.049728226 0.998577356 -0.019244416 0.056400908 0.303368747 0.033459771 0.952285588 -0.345990424
78244833 0.483930168 0.860320329 0.500000000 0.500000000 0.000000000 0.000000000 0.932848692 0.045721553 -0.357355386 -0.245380609 -0.057248935 0.998123229 -0.021739839 0.074770341 0.355690718 0.040738195 0.933715403 -0.446196392
78511767 0.483930168 0.860320329 0.500000000 0.500000000 0.000000000 0.000000000 0.906167150 0.048241187 -0.420159310 -0.211156610 -0.063623101 0.997716606 -0.022663139 0.088605418 0.418106645 0.047268432 0.907167315 -0.556105977
78745333 0.483930168 0.860320329 0.500000000 0.500000000 0.000000000 0.000000000 0.880539000 0.052636236 -0.471041918 -0.168394741 -0.071223229 0.997224212 -0.021706574 0.100067064 0.468591839 0.052662611 0.881843746 -0.651020918
79012267 0.483930168 0.860320329 0.500000000 0.500000000 0.000000000 0.000000000 0.852772951 0.056338910 -0.519234240 -0.128052677 -0.078825951 0.996660411 -0.021319628 0.116291007 0.516299069 0.059109934 0.854366004 -0.760654136
79245833 0.483930168 0.860320329 0.500000000 0.500000000 0.000000000 0.000000000 0.828713536 0.060752735 -0.556365848 -0.092551671 -0.086792178 0.996015131 -0.020517455 0.130958779 0.552902341 0.065291300 0.830684066 -0.862893005
79512767 0.483930168 0.860320329 0.500000000 0.500000000 0.000000000 0.000000000 0.801883578 0.065550692 -0.593873620 -0.050081868 -0.095396765 0.995258808 -0.018955538 0.147739494 0.589815378 0.071853757 0.804334998 -0.980391336
79746333 0.483930168 0.860320329 0.500000000 0.500000000 0.000000000 0.000000000 0.778319955 0.069750316 -0.623981535 -0.006632036 -0.103185177 0.994507551 -0.017538769 0.164682420 0.619331002 0.078036420 0.781242251 -1.085047070
80013267 0.483930168 0.860320329 0.500000000 0.500000000 0.000000000 0.000000000 0.752088547 0.075839043 -0.654684126 0.047136301 -0.114350244 0.993306816 -0.016298043 0.193246450 0.649066150 0.087120861 0.755726874 -1.208545451
80280200 0.483930168 0.860320329 0.500000000 0.500000000 0.000000000 0.000000000 0.726252913 0.078639805 -0.682914674 0.104603927 -0.119984925 0.992686808 -0.013288199 0.209760187 0.676875412 0.091590062 0.730377257 -1.329527748
