https://www.youtube.com/watch?v=sLIFyXD2ujI
77444033 0.483930168 0.860320329 0.500000000 0.500000000 0.000000000 0.000000000 0.980310440 0.030424286 -0.195104495 -0.195846403 -0.034550700 0.999244750 -0.017780757 0.034309913 0.194416180 0.024171660 0.980621278 -0.178639121
77610867 0.483930168 0.860320329 0.500000000 0.500000000 0.000000000 0.000000000 0.973806441 0.034138829 -0.224801064 -0.221452338 -0.039088678 0.999080658 -0.017603843 0.038706263 0.223993421 0.025929911 0.974245667 -0.219951444
77777700 0.483930168 0.860320329 0.500000000 0.500000000 0.000000000 0.000000000 0.965910375 0.037603889 -0.256131083 -0.242696017 -0.043735024 0.998875856 -0.018281631 0.046505467 0.255155712 0.028860316 0.966469169 -0.265310453
77944533 0.483930168 0.860320329 0.500000000 0.500000000 0.000000000 0.000000000 0.956261098 0.040829532 -0.289650917 -0.252766079 -0.048421524 0.998644531 -0.019089982 0.054620904 0.288478881 0.032280345 0.956941962 -0.321621308
78144733 0.483930168 0.860320329 0.500000000 0.500000000 0.000000000 0.000000000 0.941536248 0.043692805 -0.334066480 -0.250198162 -0.053955212 0.998311937 -0.021497937 0.069548726 0.332563221 0.038265716 0.942304313 -0.401964240
78311567 0.483930168 0.860320329 0.500000000 0.500000000 0.000000000 0.000000000 0.926658213 0.046350952 -0.373036444 -0.239336491 -0.058738846 0.998033047 -0.021904159 0.077439241 0.371287435 0.042209402 0.927558064 -0.474019461
78478400 0.483930168 0.860320329 0.500000000 0.500000000 0.000000000 0.000000000 0.909880757 0.048629351 -0.412009954 -0.218247042 -0.063676558 0.997708619 -0.022863906 0.088967126 0.409954011 0.047038805 0.910892427 -0.543114491
78645233 0.483930168 0.860320329 0.500000000 0.500000000 0.000000000 0.000000000 0.891359746 0.050869841 -0.450433195 -0.185763327 -0.067926541 0.997452736 -0.021771761 0.093745158 0.448178291 0.050002839 0.892544627 -0.611223637
78845433 0.483930168 0.860320329 0.500000000 0.500000000 0.000000000 0.000000000 0.870108902 0.054302387 -0.489858925 -0.153515269 -0.074510135 0.996981323 -0.021829695 0.107765162 0.487194777 0.055493668 0.871528387 -0.691303250
79012267 0.483930168 0.860320329 0.500000000 0.500000000 0.000000000 0.000000000 0.852772951 0.056338910 -0.519234240 -0.128052677 -0.078825951 0.996660411 -0.021319628 0.116291007 0.516299069 0.059109934 0.854366004 -0.760654136
79179100 0.483930168 0.860320329 0.500000000 0.500000000 0.000000000 0.000000000 0.835254073 0.059146367 -0.546673834 -0.101344556 -0.084243484 0.996225357 -0.020929486 0.126763936 0.543372452 0.063535146 0.837083995 -0.832841061
79345933 0.483930168 0.860320329 0.500000000 0.500000000 0.000000000 0.000000000 0.818755865 0.062443536 -0.570736051 -0.077325807 -0.089739971 0.995768547 -0.019791666 0.136091605 0.567085147 0.067422375 0.820895016 -0.908256727
79546133 0.483930168 0.860320329 0.500000000 0.500000000 0.000000000 0.000000000 0.798365474 0.066207208 -0.598522484 -0.043774887 -0.096616283 0.995144248 -0.018795265 0.150808225 0.594371796 0.072832510 0.800885499 -0.994657638
79712967 0.483930168 0.860320329 0.500000000 0.500000000 0.000000000 0.000000000 0.781648815 0.069040783 -0.619885862 -0.013285614 -0.101820730 0.994646847 -0.017611075 0.161173621 0.615351617 0.076882906 0.784494340 -1.070102980
79879800 0.483930168 0.860320329 0.500000000 0.500000000 0.000000000 0.000000000 0.765168309 0.072694756 -0.639713168 0.019850080 -0.108554602 0.993946910 -0.016894773 0.177612448 0.634612799 0.082371153 0.768428028 -1.147576811
80080000 0.483930168 0.860320329 0.500000000 0.500000000 0.000000000 0.000000000 0.745406330 0.077463314 -0.662094295 0.062107046 -0.117075674 0.993000031 -0.015629012 0.200140798 0.656248927 0.089165099 0.749257565 -1.238600776
