https://www.youtube.com/watch?v=sLIFyXD2ujI
77010267 0.483930168 0.860320329 0.500000000 0.500000000 0.000000000 0.000000000 0.991455436 0.021077231 -0.128731906 -0.119416025 -0.023393147 0.999590099 -0.016504617 0.019347615 0.128331259 0.019375037 0.991542101 -0.092957340
77143733 0.483930168 0.860320329 0.500000000 0.500000000 0.000000000 0.000000000 0.988697171 0.023564288 -0.148062930 -0.142632843 -0.026350429 0.999510169 -0.016883694 0.023384606 0.147592559 0.020594381 0.988833785 -0.115024468
77277200 0.483930168 0.860320329 0.500000000 0.500000000 0.000000000 0.000000000 0.985320270 0.026362764 -0.168668360 -0.165155176 -0.029713295 0.999407530 -0.017371174 0.028412548 0.168110475 0.022127863 0.985519767 -0.141363672
77410667 0.483930168 0.860320329 0.500000000 0.500000000 0.000000000 0.000000000 0.981402338 0.029484071 -0.189684242 -0.188834577 -0.033494804 0.999277294 -0.017972585 0.034114674 0.189017251 0.023991773 0.981680632 -0.169959835
77544133 0.483930168 0.860320329 0.500000000 0.500000000 0.000000000 0.000000000 0.976626754 0.033091862 -0.212379664 -0.212527322 -0.037670061 0.999136209 -0.017545532 0.036524990 0.211615592 0.025135791 0.977029681 -0.204014687
77677600 0.483930168 0.860320329 0.500000000 0.500000000 0.000000000 0.000000000 0.970793188 0.035301749 -0.237306431 -0.229683177 -0.040712819 0.999009848 -0.017938551 0.042000619 0.236438200 0.027076038 0.971269190 -0.236341621
77811067 0.483930168 0.860320329 0.500000000 0.500000000 0.000000000 0.000000000 0.964167893 0.038360216 -0.262504756 -0.246031807 -0.044686489 0.998835802 -0.018170038 0.047261141 0.261502147 0.029249383 0.964759588 -0.276015669
77944533 0.483930168 0.860320329 0.500000000 0.500000000 0.000000000 0.000000000 0.956261098 0.040829532 -0.289650917 -0.252766079 -0.048421524 0.998644531 -0.019089982 0.054620904 0.288478881 0.032280345 0.956941962 -0.321621308
78078000 0.483930168 0.860320329 0.500000000 0.500000000 0.000000000 0.000000000 0.946828246 0.042435788 -0.318928629 -0.251662187 -0.051583275 0.998462617 -0.020286530 0.062274582 0.317577451 0.035659242 0.947561622 -0.373008852
78211467 0.483930168 0.860320329 0.500000000 0.500000000 0.000000000 0.000000000 0.935860872 0.044850163 -0.349503726 -0.247351407 -0.055966165 0.998195410 -0.021766055 0.072942153 0.347896785 0.039930381 0.936682105 -0.431307858
78344933 0.483930168 0.860320329 0.500000000 0.500000000 0.000000000 0.000000000 0.923219025 0.046543088 -0.381445110 -0.234020172 -0.059361201 0.997996330 -0.021899769 0.078518674 0.379661530 0.042861324 0.924132049 -0.487708973
78478400 0.483930168 0.860320329 0.500000000 0.500000000 0.000000000 0.000000000 0.909880757 0.048629351 -0.412009954 -0.218247042 -0.063676558 0.997708619 -0.022863906 0.088967126 0.409954011 0.047038805 0.910892427 -0.543114491
78645233 0.483930168 0.860320329 0.500000000 0.500000000 0.000000000 0.000000000 0.891359746 0.050869841 -0.450433195 -0.185763327 -0.067926541 0.997452736 -0.021771761 0.093745158 0.448178291 0.050002839 0.892544627 -0.611223637
78778700 0.483930168 0.860320329 0.500000000 0.500000000 0.000000000 0.000000000 0.877080619 0.053094681 -0.477399796 -0.163606786 -0.072203092 0.997152746 -0.021752052 0.102191599 0.474885583 0.053548045 0.878416896 -0.664313657
78912167 0.483930168 0.860320329 0.500000000 0.500000000 0.000000000 0.000000000 0.863215029 0.055334236 -0.501794696 -0.143825544 -0.076518841 0.996831775 -0.021708660 0.111709364 0.499003649 0.057135988 0.864714324 -0.719103228
79045633 0.483930168 0.860320329 0.500000000 0.500000000 0.000000000 0.000000000 0.849143744 0.056816563 -0.525096953 -0.122334566 -0.079860382 0.996578217 -0.021311868 0.118459005 0.522089303 0.060031284 0.850775540 -0.775464728
79179100 0.483930168 0.860320329 0.500000000 0.500000000 0.000000000 0.000000000 0.835254073 0.059146367 -0.546673834 -0.101344556 -0.084243484 0.996225357 -0.020929486 0.126763936 0.543372452 0.063535146 0.837083995 -0.832841061
79312567 0.483930168 0.860320329 0.500000000 0.500000000 0.000000000 0.000000000 0.822106183 0.061935693 -0.565955281 -0.082663275 -0.088697352 0.995860636 -0.019859029 0.133423045 0.562382638 0.066524968 0.824196696 -0.894100189
79446033 0.483930168 0.860320329 0.500000000 0.500000000 0.000000000 0.000000000 0.808796465 0.064479858 -0.584543109 -0.062439027 -0.093630031 0.995411158 -0.019748187 0.145033126 0.580587387 0.070703052 0.811122298 -0.951788129
79579500 0.483930168 0.860320329 0.500000000 0.500000000 0.000000000 0.000000000 0.794901192 0.066913344 -0.603037894 -0.037377988 -0.097949244 0.995015621 -0.018705536 0.153829045 0.598780453 0.073936157 0.797493160 -1.008854626
79712967 0.483930168 0.860320329 0.500000000 0.500000000 0.000000000 0.000000000 0.781648815 0.069040783 -0.619885862 -0.013285614 -0.101820730 0.994646847 -0.017611075 0.161173621 0.615351617 0.076882906 0.784494340 -1.070102980
79846433 0.483930168 0.860320329 0.500000000 0.500000000 0.000000000 0.000000000 0.768634439 0.072034292 -0.635619521 0.012177816 -0.107280776 0.994082153 -0.017072625 0.174403322 0.630628169 0.081312358 0.771813691 -1.132424688
79979900 0.483930168 0.860320329 0.500000000 0.500000000 0.000000000 0.000000000 0.755315959 0.075072937 -0.651046753 0.040377463 -0.113015875 0.993455172 -0.016559631 0.189742153 0.645542622 0.086086370 0.758856952 -1.193296093
80113367 0.483930168 0.860320329 0.500000000 0.500000000 0.000000000 0.000000000 0.742196620 0.078075886 -0.665618777 0.069020519 -0.118120082 0.992882252 -0.015246205 0.202486741 0.659690738 0.089938626 0.746136189 -1.254564875
80280200 0.483930168 0.860320329 0.500000000 0.500000000 0.000000000 0.000000000 0.726252913 0.078639805 -0.682914674 0.104603927 -0.119984925 0.992686808 -0.013288199 0.209760187 0.676875412 0.091590062 0.730377257 -1.329527748
