https://www.youtube.com/watch?v=t-mlAKnESzQ
167467000 0.470983989 0.837304886 0.500000000 0.500000000 0.000000000 0.000000000 0.991945148 -0.011409644 0.126153216 0.506974565 0.012122569 0.999914587 -0.004884966 -0.069421149 -0.126086697 0.006374919 0.991998732 -0.517325825
167734000 0.470983989 0.837304886 0.500000000 0.500000000 0.000000000 0.000000000 0.992271781 -0.010751382 0.123616949 0.590358341 0.011312660 0.999928653 -0.003839425 -0.085158661 -0.123566844 0.005208189 0.992322564 -0.599035085
168034000 0.470983989 0.837304886 0.500000000 0.500000000 0.000000000 0.000000000 0.993287027 -0.009973313 0.115245141 0.673577580 0.010455138 0.999938965 -0.003577147 -0.104263255 -0.115202427 0.004758038 0.993330657 -0.691557669
168301000 0.470983989 0.837304886 0.500000000 0.500000000 0.000000000 0.000000000 0.993988216 -0.009955904 0.109033749 0.753843765 0.010435819 0.999938190 -0.003831771 -0.106670354 -0.108988866 0.004946592 0.994030654 -0.805538867
168602000 0.470983989 0.837304886 0.500000000 0.500000000 0.000000000 0.000000000 0.994774222 -0.010583352 0.101549298 0.846176230 0.011122120 0.999926925 -0.004740742 -0.089426372 -0.101491705 0.005845411 0.994819224 -0.933449460
168869000 0.470983989 0.837304886 0.500000000 0.500000000 0.000000000 0.000000000 0.995415390 -0.010595482 0.095057681 0.913119395 0.011053002 0.999929726 -0.004287821 -0.072756893 -0.095005572 0.005318835 0.995462537 -1.037255409
169169000 0.470983989 0.837304886 0.500000000 0.500000000 0.000000000 0.000000000 0.996029556 -0.009414902 0.088523701 0.977259045 0.009879347 0.999939620 -0.004809874 -0.042104006 -0.088473074 0.005665333 0.996062458 -1.127427189
169436000 0.470983989 0.837304886 0.500000000 0.500000000 0.000000000 0.000000000 0.996695757 -0.008890423 0.080737323 1.025351476 0.009221899 0.999950528 -0.003733651 -0.007486727 -0.080700137 0.004465866 0.996728420 -1.188659636
169736000 0.470983989 0.837304886 0.500000000 0.500000000 0.000000000 0.000000000 0.997404695 -0.008404067 0.071506783 1.073562767 0.008649707 0.999957681 -0.003126226 0.054879890 -0.071477488 0.003736625 0.997435212 -1.216979926
170003000 0.470983989 0.837304886 0.500000000 0.500000000 0.000000000 0.000000000 0.997887254 -0.008228444 0.064446673 1.110116903 0.008409287 0.999961436 -0.002535321 0.124372514 -0.064423330 0.003071915 0.997917950 -1.231904045
170303000 0.470983989 0.837304886 0.500000000 0.500000000 0.000000000 0.000000000 0.998332024 -0.007790270 0.057205603 1.136173895 0.007975516 0.999963641 -0.003010646 0.212542522 -0.057180069 0.003461868 0.998357892 -1.242942079
170570000 0.470983989 0.837304886 0.500000000 0.500000000 0.000000000 0.000000000 0.998471320 -0.007715963 0.054730706 1.159189486 0.007868989 0.999965727 -0.002581036 0.310163907 -0.054708913 0.003007766 0.998497844 -1.245661417
170871000 0.470983989 0.837304886 0.500000000 0.500000000 0.000000000 0.000000000 0.998552144 -0.007742116 0.053231847 1.173763753 0.007991423 0.999958038 -0.004472161 0.412779543 -0.053194992 0.004891084 0.998572171 -1.229165757
171171000 0.470983989 0.837304886 0.500000000 0.500000000 0.000000000 0.000000000 0.998552799 -0.007929212 0.053192481 1.179827960 0.008146645 0.999959290 -0.003872070 0.521612065 -0.053159613 0.004299806 0.998576760 -1.192685567
