https://www.youtube.com/watch?v=t-mlAKnESzQ
167300000 0.470983989 0.837304886 0.500000000 0.500000000 0.000000000 0.000000000 0.991854608 -0.011446482 0.126859888 0.441665245 0.012175850 0.999913514 -0.004975420 -0.056449972 -0.126791954 0.006479521 0.991908193 -0.456202583
167467000 0.470983989 0.837304886 0.500000000 0.500000000 0.000000000 0.000000000 0.991945148 -0.011409644 0.126153216 0.506974565 0.012122569 0.999914587 -0.004884966 -0.069421149 -0.126086697 0.006374919 0.991998732 -0.517325825
167634000 0.470983989 0.837304886 0.500000000 0.500000000 0.000000000 0.000000000 0.991982698 -0.011117884 0.125883758 0.561996906 0.011760475 0.999921322 -0.004362585 -0.080740919 -0.125825346 0.005808061 0.992035389 -0.570476997
167801000 0.470983989 0.837304886 0.500000000 0.500000000 0.000000000 0.000000000 0.992486775 -0.010566713 0.121894784 0.609598405 0.011126007 0.999930441 -0.003908583 -0.087745179 -0.121845007 0.005235420 0.992535353 -0.617968773
167968000 0.470983989 0.837304886 0.500000000 0.500000000 0.000000000 0.000000000 0.993018925 -0.010175236 0.117515638 0.655818155 0.010723241 0.999934375 -0.004031916 -0.098194076 -0.117466904 0.005263917 0.993062854 -0.668642428
168134000 0.470983989 0.837304886 0.500000000 0.500000000 0.000000000 0.000000000 0.993561447 -0.009874708 0.112863302 0.703081750 0.010385432 0.999938309 -0.003938090 -0.108951006 -0.112817451 0.005084869 0.993602693 -0.730919086
168335000 0.470983989 0.837304886 0.500000000 0.500000000 0.000000000 0.000000000 0.994062483 -0.010140099 0.108337507 0.763671544 0.010665529 0.999934018 -0.004271581 -0.104826596 -0.108287044 0.005401695 0.994104981 -0.820197463
168501000 0.470983989 0.837304886 0.500000000 0.500000000 0.000000000 0.000000000 0.994565487 -0.010703885 0.103560977 0.813888661 0.011249267 0.999925733 -0.004683641 -0.095187847 -0.103503153 0.005823173 0.994612098 -0.890086513
168668000 0.470983989 0.837304886 0.500000000 0.500000000 0.000000000 0.000000000 0.994905293 -0.010604435 0.100254886 0.865790711 0.011124965 0.999927402 -0.004634405 -0.086100908 -0.100198455 0.005726126 0.994951010 -0.962092459
168835000 0.470983989 0.837304886 0.500000000 0.500000000 0.000000000 0.000000000 0.995332658 -0.010553311 0.095924698 0.905775925 0.011022467 0.999929726 -0.004362300 -0.075394333 -0.095871925 0.005399267 0.995379031 -1.025694236
169002000 0.470983989 0.837304886 0.500000000 0.500000000 0.000000000 0.000000000 0.995705128 -0.010036361 0.092035979 0.944576676 0.010483396 0.999935448 -0.004374997 -0.058609663 -0.091986135 0.005321057 0.995746076 -1.081030198
169169000 0.470983989 0.837304886 0.500000000 0.500000000 0.000000000 0.000000000 0.996029556 -0.009414902 0.088523701 0.977259045 0.009879347 0.999939620 -0.004809874 -0.042104006 -0.088473074 0.005665333 0.996062458 -1.127427189
169369000 0.470983989 0.837304886 0.500000000 0.500000000 0.000000000 0.000000000 0.996554554 -0.009220830 0.082425818 1.013619994 0.009555685 0.999947608 -0.003668923 -0.018710063 -0.082387671 0.004443917 0.996590436 -1.175459833
169536000 0.470983989 0.837304886 0.500000000 0.500000000 0.000000000 0.000000000 0.996902764 -0.008823335 0.078147218 1.041872487 0.009157063 0.999950409 -0.003913174 0.011864113 -0.078108817 0.004616653 0.996934175 -1.202554477
169703000 0.470983989 0.837304886 0.500000000 0.500000000 0.000000000 0.000000000 0.997331142 -0.008540447 0.072509713 1.068829435 0.008805763 0.999955654 -0.003340158 0.047323405 -0.072477967 0.003969747 0.997362137 -1.214284849
169870000 0.470983989 0.837304886 0.500000000 0.500000000 0.000000000 0.000000000 0.997695088 -0.008219596 0.067356706 1.095289713 0.008451649 0.999959290 -0.003160893 0.090756953 -0.067327984 0.003722883 0.997723937 -1.225599061
170036000 0.470983989 0.837304886 0.500000000 0.500000000 0.000000000 0.000000000 0.997950792 -0.008326715 0.063442364 1.112874795 0.008502332 0.999960721 -0.002498670 0.132311648 -0.063419066 0.003032958 0.997982383 -1.233305313
170203000 0.470983989 0.837304886 0.500000000 0.500000000 0.000000000 0.000000000 0.998197436 -0.008063688 0.059471287 1.125840626 0.008245971 0.999962032 -0.002820280 0.178666038 -0.059446286 0.003305595 0.998226047 -1.240809047
170403000 0.470983989 0.837304886 0.500000000 0.500000000 0.000000000 0.000000000 0.998360872 -0.007677370 0.056714825 1.144370603 0.007830821 0.999966264 -0.002483922 0.248055953 -0.056693841 0.002923975 0.998387337 -1.246230780
170570000 0.470983989 0.837304886 0.500000000 0.500000000 0.000000000 0.000000000 0.998471320 -0.007715963 0.054730706 1.159189486 0.007868989 0.999965727 -0.002581036 0.310163907 -0.054708913 0.003007766 0.998497844 -1.245661417
170737000 0.470983989 0.837304886 0.500000000 0.500000000 0.000000000 0.000000000 0.998507679 -0.007751614 0.054058932 1.165836593 0.007918007 0.999964535 -0.002864495 0.366963293 -0.054034811 0.003288259 0.998533666 -1.241523115
170904000 0.470983989 0.837304886 0.500000000 0.500000000 0.000000000 0.000000000 0.998536825 -0.007817166 0.053508084 1.175042384 0.008036798 0.999960124 -0.003890704 0.423587941 -0.053475536 0.004315045 0.998559833 -1.224956309
171071000 0.470983989 0.837304886 0.500000000 0.500000000 0.000000000 0.000000000 0.998537302 -0.007878507 0.053490099 1.177855699 0.008138275 0.999956131 -0.004640296 0.484100754 -0.053451192 0.005068825 0.998557627 -1.202906710
171238000 0.470983989 0.837304886 0.500000000 0.500000000 0.000000000 0.000000000 0.998549581 -0.007872007 0.053261518 1.180678596 0.008100130 0.999958932 -0.004068544 0.548228374 -0.053227302 0.004494068 0.998572290 -1.184901744
171438000 0.470983989 0.837304886 0.500000000 0.500000000 0.000000000 0.000000000 0.998469293 -0.008281939 0.054685175 1.181414517 0.008542870 0.999953210 -0.004539483 0.618089736 -0.054645021 0.004999703 0.998493314 -1.159911786
