https://www.youtube.com/watch?v=bJyPo9pESu0
189522667 0.474122545 0.842884498 0.500000000 0.500000000 0.000000000 0.000000000 0.966504872 0.040868074 -0.253373563 0.243735406 -0.036839988 0.999108315 0.020624118 0.064737846 0.253990501 -0.010599030 0.967148662 -0.864675019
189722867 0.474122545 0.842884498 0.500000000 0.500000000 0.000000000 0.000000000 0.967264771 0.041458726 -0.250359863 0.225474578 -0.037244692 0.999073803 0.021548383 0.074305012 0.251021355 -0.011518415 0.967913032 -0.833011458
189956433 0.474122545 0.842884498 0.500000000 0.500000000 0.000000000 0.000000000 0.967587769 0.043305319 -0.248794302 0.196350216 -0.038503598 0.998966932 0.024136283 0.085749990 0.249582499 -0.013774496 0.968255579 -0.778043636
190156633 0.474122545 0.842884498 0.500000000 0.500000000 0.000000000 0.000000000 0.968085945 0.044338934 -0.246665180 0.163565855 -0.039386410 0.998911798 0.024978213 0.091672559 0.247504264 -0.014465800 0.968778789 -0.724393527
190390200 0.474122545 0.842884498 0.500000000 0.500000000 0.000000000 0.000000000 0.977612793 0.042065721 -0.206164166 0.099016891 -0.037193287 0.998930871 0.027454406 0.090837227 0.207098648 -0.019171856 0.978132188 -0.664429191
190590400 0.474122545 0.842884498 0.500000000 0.500000000 0.000000000 0.000000000 0.990098238 0.037106458 -0.135383070 0.030758934 -0.033334199 0.998993158 0.030025667 0.091250248 0.136360899 -0.025215475 0.990338266 -0.610069099
190823967 0.474122545 0.842884498 0.500000000 0.500000000 0.000000000 0.000000000 0.997807920 0.031166473 -0.058378015 -0.027908508 -0.029339414 0.999060452 0.031897116 0.092538838 0.059317287 -0.030114418 0.997784853 -0.529325066
191024167 0.474122545 0.842884498 0.500000000 0.500000000 0.000000000 0.000000000 0.999654651 0.026247790 -0.001263706 -0.064570799 -0.026190240 0.999087334 0.033742432 0.091922841 0.002148218 -0.033697683 0.999429762 -0.448626929
191257733 0.474122545 0.842884498 0.500000000 0.500000000 0.000000000 0.000000000 0.997819245 0.020613022 0.062704869 -0.089861643 -0.022864193 0.999111712 0.035397872 0.085754936 -0.061919510 -0.036754373 0.997404158 -0.338352634
191457933 0.474122545 0.842884498 0.500000000 0.500000000 0.000000000 0.000000000 0.992387831 0.014944814 0.122241668 -0.097119798 -0.019771587 0.999068022 0.038368236 0.081320796 -0.121554337 -0.040493086 0.991758466 -0.239624337
191691500 0.474122545 0.842884498 0.500000000 0.500000000 0.000000000 0.000000000 0.978697002 0.007837869 0.205160439 -0.087280812 -0.016664034 0.999006629 0.041328415 0.072141945 -0.204632714 -0.043866795 0.977855384 -0.128628479
191891700 0.474122545 0.842884498 0.500000000 0.500000000 0.000000000 0.000000000 0.955792487 -0.000511726 0.294041574 -0.064476318 -0.012924311 0.998958945 0.043749433 0.061688334 -0.293757826 -0.045615666 0.954790831 -0.034724173
192125267 0.474122545 0.842884498 0.500000000 0.500000000 0.000000000 0.000000000 0.909285605 -0.014310811 0.415926486 -0.011432773 -0.007074875 0.998732626 0.049830336 0.058702650 -0.416112453 -0.048252638 0.908032000 0.072545013
192358833 0.474122545 0.842884498 0.500000000 0.500000000 0.000000000 0.000000000 0.841875851 -0.026952069 0.538997769 0.080392987 -0.003181610 0.998486936 0.054897830 0.055858913 -0.539661825 -0.047932040 0.840516269 0.150044536
