https://www.youtube.com/watch?v=bJyPo9pESu0
189522667 0.474122545 0.842884498 0.500000000 0.500000000 0.000000000 0.000000000 0.966504872 0.040868074 -0.253373563 0.243735406 -0.036839988 0.999108315 0.020624118 0.064737846 0.253990501 -0.010599030 0.967148662 -0.864675019
189622767 0.474122545 0.842884498 0.500000000 0.500000000 0.000000000 0.000000000 0.966956913 0.041186374 -0.251590967 0.235831829 -0.037132759 0.999092996 0.020840336 0.069818943 0.252221137 -0.010809440 0.967609227 -0.850289525
189756233 0.474122545 0.842884498 0.500000000 0.500000000 0.000000000 0.000000000 0.967345297 0.041626126 -0.250020593 0.221594492 -0.037358269 0.999064267 0.021793520 0.076243618 0.250693798 -0.011741523 0.967995226 -0.826068310
189856333 0.474122545 0.842884498 0.500000000 0.500000000 0.000000000 0.000000000 0.967585742 0.042554855 -0.248931602 0.208884344 -0.038053636 0.999013960 0.022868704 0.081485785 0.249659315 -0.012654680 0.968251050 -0.803420486
189989800 0.474122545 0.842884498 0.500000000 0.500000000 0.000000000 0.000000000 0.967547596 0.043634854 -0.248892799 0.191871041 -0.038753469 0.998948872 0.024481066 0.087180120 0.249699399 -0.014041137 0.968221605 -0.769205092
190089900 0.474122545 0.842884498 0.500000000 0.500000000 0.000000000 0.000000000 0.967598259 0.044060446 -0.248620883 0.176032160 -0.039096747 0.998925865 0.024869898 0.090869917 0.249449611 -0.014343802 0.968281567 -0.742382348
190223367 0.474122545 0.842884498 0.500000000 0.500000000 0.000000000 0.000000000 0.969308257 0.044051841 -0.241869569 0.148751948 -0.038940392 0.998906434 0.025875194 0.091792466 0.242744923 -0.015662543 0.969963729 -0.706375112
190323467 0.474122545 0.842884498 0.500000000 0.500000000 0.000000000 0.000000000 0.973553717 0.043272153 -0.224322766 0.120337922 -0.038196862 0.998907626 0.026917407 0.091227451 0.225242496 -0.017637115 0.974143088 -0.680520640
190456933 0.474122545 0.842884498 0.500000000 0.500000000 0.000000000 0.000000000 0.982020438 0.040556181 -0.184366718 0.076468645 -0.035902768 0.998948514 0.028509958 0.090833289 0.185329109 -0.021378085 0.982443929 -0.647898099
190557033 0.474122545 0.842884498 0.500000000 0.500000000 0.000000000 0.000000000 0.988330901 0.037911188 -0.147528872 0.041605698 -0.034050912 0.999010623 0.028605334 0.092304117 0.148467377 -0.023248043 0.988644004 -0.620345630
190690500 0.474122545 0.842884498 0.500000000 0.500000000 0.000000000 0.000000000 0.994317234 0.034316730 -0.100774795 0.003137301 -0.031437896 0.999054849 0.030017942 0.093208570 0.101709664 -0.026679210 0.994456291 -0.576585457
190790600 0.474122545 0.842884498 0.500000000 0.500000000 0.000000000 0.000000000 0.997114718 0.032317061 -0.068686366 -0.020336282 -0.030210147 0.999047220 0.031495176 0.092142847 0.069638759 -0.029329279 0.997141004 -0.542345995
190924067 0.474122545 0.842884498 0.500000000 0.500000000 0.000000000 0.000000000 0.999138534 0.029029071 -0.029655425 -0.047374085 -0.028058860 0.999073744 0.032624479 0.093023756 0.030575015 -0.031764280 0.999027610 -0.489363393
191057533 0.474122545 0.842884498 0.500000000 0.500000000 0.000000000 0.000000000 0.999643505 0.025527645 0.007824793 -0.068815396 -0.025785992 0.999057531 0.034916379 0.089979642 -0.006926085 -0.035105702 0.999359608 -0.434021756
191157633 0.474122545 0.842884498 0.500000000 0.500000000 0.000000000 0.000000000 0.999124944 0.022805206 0.035060808 -0.080590966 -0.024021788 0.999109745 0.034678694 0.087694993 -0.034238745 -0.035490572 0.998783350 -0.387666848
191291100 0.474122545 0.842884498 0.500000000 0.500000000 0.000000000 0.000000000 0.997179985 0.019505538 0.072468020 -0.092710903 -0.022143848 0.999114215 0.035783261 0.085928336 -0.071705855 -0.037287071 0.996728599 -0.321336857
191391200 0.474122545 0.842884498 0.500000000 0.500000000 0.000000000 0.000000000 0.994777083 0.016653320 0.100703880 -0.094945203 -0.020460971 0.999109626 0.036896411 0.083119038 -0.099999771 -0.038764205 0.994232059 -0.272481560
191524667 0.474122545 0.842884498 0.500000000 0.500000000 0.000000000 0.000000000 0.989503622 0.013347236 0.143890470 -0.096537122 -0.019140780 0.999057651 0.038954727 0.079283141 -0.143234938 -0.041300017 0.988826632 -0.207477308
191624767 0.474122545 0.842884498 0.500000000 0.500000000 0.000000000 0.000000000 0.983739674 0.010517984 0.179291934 -0.092566931 -0.018082555 0.999011457 0.040609423 0.075157124 -0.178687558 -0.043191157 0.982957423 -0.158939802
191758233 0.474122545 0.842884498 0.500000000 0.500000000 0.000000000 0.000000000 0.972458303 0.005511853 0.233011827 -0.081833613 -0.015723512 0.998994291 0.041989926 0.069936811 -0.232546046 -0.044497214 0.971566975 -0.097003382
191858333 0.474122545 0.842884498 0.500000000 0.500000000 0.000000000 0.000000000 0.960599542 0.001170147 0.277933806 -0.068886542 -0.013752454 0.998966336 0.043325651 0.062523424 -0.277595818 -0.045440871 0.959622681 -0.050614141
191991800 0.474122545 0.842884498 0.500000000 0.500000000 0.000000000 0.000000000 0.939145803 -0.006078194 0.343464971 -0.046439653 -0.010463709 0.998873353 0.046287969 0.058245935 -0.343359351 -0.047065068 0.938024104 0.011439197
192091900 0.474122545 0.842884498 0.500000000 0.500000000 0.000000000 0.000000000 0.917560756 -0.012038597 0.397413254 -0.020881072 -0.007823810 0.998801291 0.048319947 0.058629884 -0.397518575 -0.047445774 0.916366696 0.056720393
192225367 0.474122545 0.842884498 0.500000000 0.500000000 0.000000000 0.000000000 0.882519901 -0.019255497 0.469880670 0.025411275 -0.005881809 0.998631299 0.051970545 0.058419810 -0.470238268 -0.048628788 0.881198764 0.113585973
192358833 0.474122545 0.842884498 0.500000000 0.500000000 0.000000000 0.000000000 0.841875851 -0.026952069 0.538997769 0.080392987 -0.003181610 0.998486936 0.054897830 0.055858913 -0.539661825 -0.047932040 0.840516269 0.150044536
