https://www.youtube.com/watch?v=1qVpRlWxam4
86319567 0.487278048 0.866272132 0.500000000 0.500000000 0.000000000 0.000000000 0.999183893 0.038032386 -0.013605987 -0.249154748 -0.038085770 0.999267697 -0.003686040 0.047875167 0.013455833 0.004201226 0.999900639 -0.566803149
86586500 0.487278048 0.866272132 0.500000000 0.500000000 0.000000000 0.000000000 0.999392629 0.034676589 -0.003445767 -0.282371175 -0.034685481 0.999395013 -0.002555777 0.057086778 0.003355056 0.002673743 0.999990821 -0.624021456
86853433 0.487278048 0.866272132 0.500000000 0.500000000 0.000000000 0.000000000 0.999498725 0.028301919 0.014187563 -0.320995587 -0.028301118 0.999599397 -0.000257314 0.061367205 -0.014189162 -0.000144339 0.999899328 -0.706664680
87153733 0.487278048 0.866272132 0.500000000 0.500000000 0.000000000 0.000000000 0.999064565 0.022049030 0.037200645 -0.371910835 -0.022201553 0.999746680 0.003691827 0.063911726 -0.037109818 -0.004514286 0.999301016 -0.799748814
87420667 0.487278048 0.866272132 0.500000000 0.500000000 0.000000000 0.000000000 0.998171926 0.018552339 0.057520505 -0.440220060 -0.018887693 0.999807596 0.005291941 0.070160264 -0.057411261 -0.006368696 0.998330295 -0.853433007
87720967 0.487278048 0.866272132 0.500000000 0.500000000 0.000000000 0.000000000 0.997675776 0.016262729 0.066170901 -0.486385324 -0.016915560 0.999813497 0.009317505 0.069230577 -0.066007033 -0.010415167 0.997764826 -0.912234761
87987900 0.487278048 0.866272132 0.500000000 0.500000000 0.000000000 0.000000000 0.998019218 0.015867118 0.060876362 -0.497549423 -0.016505934 0.999813735 0.010005167 0.076295227 -0.060706269 -0.010990170 0.998095155 -0.980435972
88288200 0.487278048 0.866272132 0.500000000 0.500000000 0.000000000 0.000000000 0.999152124 0.018131699 0.036962789 -0.468507446 -0.018461898 0.999792457 0.008611582 0.087696066 -0.036798976 -0.009286684 0.999279559 -1.074633197
88555133 0.487278048 0.866272132 0.500000000 0.500000000 0.000000000 0.000000000 0.999717414 0.022977378 0.006097841 -0.420528982 -0.023013741 0.999717355 0.005961678 0.101216630 -0.005959134 -0.006100327 0.999963641 -1.169004730
88855433 0.487278048 0.866272132 0.500000000 0.500000000 0.000000000 0.000000000 0.999106526 0.030726369 -0.029017152 -0.374249594 -0.030677194 0.999527037 0.002138488 0.120936030 0.029069137 -0.001246413 0.999576628 -1.251082317
89122367 0.487278048 0.866272132 0.500000000 0.500000000 0.000000000 0.000000000 0.997359693 0.039784521 -0.060752310 -0.335843098 -0.039773725 0.999207735 0.001387495 0.132824955 0.060759377 0.001032514 0.998151898 -1.312258423
89422667 0.487278048 0.866272132 0.500000000 0.500000000 0.000000000 0.000000000 0.992973983 0.050480653 -0.107025139 -0.253623964 -0.050627887 0.998716712 0.001342622 0.144421611 0.106955573 0.004085269 0.994255424 -1.394020432
89689600 0.487278048 0.866272132 0.500000000 0.500000000 0.000000000 0.000000000 0.986886561 0.059628733 -0.149997801 -0.173418608 -0.059660275 0.998209476 0.004293700 0.142984494 0.149985254 0.004711515 0.988677025 -1.462588413
89989900 0.487278048 0.866272132 0.500000000 0.500000000 0.000000000 0.000000000 0.978200734 0.067550205 -0.196367815 -0.089199207 -0.067402542 0.997698128 0.007442682 0.141665403 0.196418539 0.005955252 0.980502069 -1.524381413
90256833 0.487278048 0.866272132 0.500000000 0.500000000 0.000000000 0.000000000 0.967793405 0.073765829 -0.240695804 0.013635864 -0.073441446 0.997246027 0.010330606 0.134276795 0.240794986 0.007679154 0.970545650 -1.588498428
90557133 0.487278048 0.866272132 0.500000000 0.500000000 0.000000000 0.000000000 0.953711152 0.081056722 -0.289594263 0.148156165 -0.081249826 0.996628821 0.011376631 0.129987979 0.289540142 0.012679463 0.957081914 -1.633951355
