https://www.youtube.com/watch?v=1qVpRlWxam4
87387300 0.487278048 0.866272132 0.500000000 0.500000000 0.000000000 0.000000000 0.998291552 0.018666664 0.055367537 -0.431348097 -0.018963017 0.999808490 0.004831879 0.070488701 -0.055266738 -0.005873560 0.998454332 -0.848986490
87554133 0.487278048 0.866272132 0.500000000 0.500000000 0.000000000 0.000000000 0.997851610 0.017319093 0.063184217 -0.464904483 -0.017837154 0.999811709 0.007644337 0.068569507 -0.063039921 -0.008754940 0.997972608 -0.876888649
87720967 0.487278048 0.866272132 0.500000000 0.500000000 0.000000000 0.000000000 0.997675776 0.016262729 0.066170901 -0.486385324 -0.016915560 0.999813497 0.009317505 0.069230577 -0.066007033 -0.010415167 0.997764826 -0.912234761
87887800 0.487278048 0.866272132 0.500000000 0.500000000 0.000000000 0.000000000 0.997801185 0.015721651 0.064386748 -0.496646826 -0.016416471 0.999812424 0.010276551 0.072350447 -0.064213105 -0.011310958 0.997872114 -0.952896762
88054633 0.487278048 0.866272132 0.500000000 0.500000000 0.000000000 0.000000000 0.998319149 0.016226118 0.055637561 -0.489176520 -0.016823635 0.999805570 0.010287891 0.076572802 -0.055459809 -0.011206625 0.998398006 -1.004124831
88221467 0.487278048 0.866272132 0.500000000 0.500000000 0.000000000 0.000000000 0.998926342 0.017387087 0.042939600 -0.475558168 -0.017787032 0.999801755 0.008949692 0.085218470 -0.042775478 -0.009703852 0.999037564 -1.053459508
88421667 0.487278048 0.866272132 0.500000000 0.500000000 0.000000000 0.000000000 0.999537408 0.020246139 0.022695299 -0.447975333 -0.020412439 0.999766290 0.007119950 0.094693503 -0.022545842 -0.007579923 0.999717057 -1.119813421
88588500 0.487278048 0.866272132 0.500000000 0.500000000 0.000000000 0.000000000 0.999718606 0.023644496 0.001895716 -0.414069396 -0.023654999 0.999703765 0.005723978 0.102792865 -0.001759814 -0.005767211 0.999981821 -1.180436614
88755333 0.487278048 0.866272132 0.500000000 0.500000000 0.000000000 0.000000000 0.999452412 0.027961638 -0.017690983 -0.387314056 -0.027902454 0.999604225 0.003583529 0.113408687 0.017784184 -0.003087946 0.999837101 -1.226234160
88922167 0.487278048 0.866272132 0.500000000 0.500000000 0.000000000 0.000000000 0.998792231 0.032815013 -0.036568113 -0.365929800 -0.032777511 0.999461353 0.001624677 0.124849793 0.036601726 -0.000424103 0.999329865 -1.267691893
89089000 0.487278048 0.866272132 0.500000000 0.500000000 0.000000000 0.000000000 0.997681975 0.038422074 -0.056164715 -0.342733324 -0.038413495 0.999261141 0.001232749 0.131945819 0.056170583 0.000927592 0.998420775 -1.304181539
89255833 0.487278048 0.866272132 0.500000000 0.500000000 0.000000000 0.000000000 0.995796800 0.044428598 -0.080092981 -0.304097608 -0.044486329 0.999009430 0.001064335 0.139304626 0.080060929 0.002503182 0.996786833 -1.346184197
89456033 0.487278048 0.866272132 0.500000000 0.500000000 0.000000000 0.000000000 0.992265880 0.051900670 -0.112759680 -0.242293511 -0.051975533 0.998645782 0.002277754 0.141999546 0.112725191 0.003600606 0.993619680 -1.403491443
89622867 0.487278048 0.866272132 0.500000000 0.500000000 0.000000000 0.000000000 0.988518834 0.057282198 -0.139818728 -0.191310403 -0.057411496 0.998345733 0.003111851 0.144317113 0.139765680 0.004951079 0.990172207 -1.446433054
89789700 0.487278048 0.866272132 0.500000000 0.500000000 0.000000000 0.000000000 0.984156251 0.062501073 -0.165921792 -0.143876127 -0.062264379 0.998037636 0.006632906 0.137240925 0.166010767 0.003803201 0.986116588 -1.485275757
89956533 0.487278048 0.866272132 0.500000000 0.500000000 0.000000000 0.000000000 0.979292631 0.066839822 -0.191097870 -0.099323029 -0.066578977 0.997750700 0.007792730 0.139573975 0.191188902 0.005091738 0.981540024 -1.518326120
90123367 0.487278048 0.866272132 0.500000000 0.500000000 0.000000000 0.000000000 0.973332286 0.070821166 -0.218194127 -0.042629488 -0.070645541 0.997464299 0.008616162 0.140175484 0.218251050 0.007028054 0.975867331 -1.554681376
90290200 0.487278048 0.866272132 0.500000000 0.500000000 0.000000000 0.000000000 0.966279447 0.074934490 -0.246350974 0.028017454 -0.074612871 0.997155666 0.010653359 0.133648148 0.246448576 0.008086831 0.969122112 -1.595505702
90490400 0.487278048 0.866272132 0.500000000 0.500000000 0.000000000 0.000000000 0.957038641 0.079540767 -0.278837353 0.115624588 -0.079602204 0.996764660 0.011121323 0.132533757 0.278819799 0.011552530 0.960273921 -1.622873069
90657233 0.487278048 0.866272132 0.500000000 0.500000000 0.000000000 0.000000000 0.948620677 0.083499879 -0.305199176 0.195920884 -0.084326349 0.996382892 0.010498469 0.132694923 0.304971874 0.015777269 0.952230692 -1.640734525
90824067 0.487278048 0.866272132 0.500000000 0.500000000 0.000000000 0.000000000 0.940162480 0.087165222 -0.329388469 0.271130852 -0.089630231 0.995945156 0.007725847 0.141518901 0.328726262 0.022259612 0.944162905 -1.645387258
90990900 0.487278048 0.866272132 0.500000000 0.500000000 0.000000000 0.000000000 0.932207108 0.091082737 -0.350276887 0.339575901 -0.095441416 0.995423317 0.004838228 0.149739069 0.349114448 0.028920690 0.936633706 -1.648637528
91157733 0.487278048 0.866272132 0.500000000 0.500000000 0.000000000 0.000000000 0.925111592 0.095387921 -0.367518306 0.398473437 -0.101803973 0.994802594 0.001937620 0.156527229 0.365792990 0.035622310 0.930014253 -1.650611039
91324567 0.487278048 0.866272132 0.500000000 0.500000000 0.000000000 0.000000000 0.918998003 0.099750437 -0.381434739 0.448520864 -0.108052738 0.994145095 -0.000350893 0.159817007 0.379166484 0.041537538 0.924395680 -1.652156379
91524767 0.487278048 0.866272132 0.500000000 0.500000000 0.000000000 0.000000000 0.913031578 0.105410583 -0.394032896 0.493990424 -0.115993932 0.993245184 -0.003064641 0.163621223 0.391048223 0.048503540 0.919091225 -1.650421710
