https://www.youtube.com/watch?v=1qVpRlWxam4
87320567 0.487278048 0.866272132 0.500000000 0.500000000 0.000000000 0.000000000 0.998564243 0.019503532 0.049890492 -0.410709848 -0.019765079 0.999793351 0.004754412 0.067879189 -0.049787454 -0.005733675 0.998743355 -0.838806303
87587500 0.487278048 0.866272132 0.500000000 0.500000000 0.000000000 0.000000000 0.997777998 0.016888283 0.064450458 -0.471128453 -0.017434601 0.999816597 0.007923536 0.069133935 -0.064304821 -0.009029598 0.997889459 -0.883084110
87887800 0.487278048 0.866272132 0.500000000 0.500000000 0.000000000 0.000000000 0.997801185 0.015721651 0.064386748 -0.496646826 -0.016416471 0.999812424 0.010276551 0.072350447 -0.064213105 -0.011310958 0.997872114 -0.952896762
88154733 0.487278048 0.866272132 0.500000000 0.500000000 0.000000000 0.000000000 0.998704076 0.016827391 0.048031665 -0.480245581 -0.017300069 0.999805748 0.009442257 0.082025794 -0.047863450 -0.010260971 0.998801172 -1.034696017
88455033 0.487278048 0.866272132 0.500000000 0.500000000 0.000000000 0.000000000 0.999610066 0.020924903 0.018488524 -0.440279250 -0.021048725 0.999757111 0.006528146 0.097634394 -0.018347433 -0.006914760 0.999807775 -1.132468202
88721967 0.487278048 0.866272132 0.500000000 0.500000000 0.000000000 0.000000000 0.999542177 0.026846835 -0.013952262 -0.391982574 -0.026799809 0.999634504 0.003546552 0.113006340 0.014042376 -0.003171010 0.999896348 -1.217748402
89022267 0.487278048 0.866272132 0.500000000 0.500000000 0.000000000 0.000000000 0.998206139 0.036207795 -0.047681801 -0.354266681 -0.036169603 0.999344289 0.001663811 0.127910312 0.047710780 0.000063806 0.998861194 -1.289538177
89289200 0.487278048 0.866272132 0.500000000 0.500000000 0.000000000 0.000000000 0.995328546 0.045715954 -0.085035883 -0.295863836 -0.045851588 0.998948216 0.000358381 0.143233590 0.084962830 0.003542323 0.996377826 -1.355934388
89589500 0.487278048 0.866272132 0.500000000 0.500000000 0.000000000 0.000000000 0.989348948 0.056318440 -0.134227201 -0.202112339 -0.056421038 0.998402417 0.003042405 0.143497023 0.134184107 0.004563238 0.990945935 -1.437137742
89856433 0.487278048 0.866272132 0.500000000 0.500000000 0.000000000 0.000000000 0.982260048 0.064140521 -0.176213637 -0.125505724 -0.063890673 0.997931659 0.007097102 0.138576273 0.176304385 0.004287208 0.984326363 -1.498592258
90156733 0.487278048 0.866272132 0.500000000 0.500000000 0.000000000 0.000000000 0.972096980 0.071390063 -0.223452166 -0.030300895 -0.071253844 0.997420430 0.008683100 0.140278522 0.223495632 0.007481010 0.974676192 -1.563146617
90423667 0.487278048 0.866272132 0.500000000 0.500000000 0.000000000 0.000000000 0.960200071 0.077879526 -0.268236041 0.086123032 -0.077900954 0.996904969 0.010580168 0.134119957 0.268229812 0.010736765 0.963295102 -1.613812201
90723967 0.487278048 0.866272132 0.500000000 0.500000000 0.000000000 0.000000000 0.945179522 0.084887423 -0.315324903 0.226728127 -0.086280026 0.996224999 0.009567447 0.135957879 0.314946711 0.018163286 0.948935568 -1.642391983
91024267 0.487278048 0.866272132 0.500000000 0.500000000 0.000000000 0.000000000 0.930655658 0.091919295 -0.354162276 0.352749847 -0.096728392 0.995302200 0.004141182 0.151608921 0.352879137 0.030403534 0.935174823 -1.649056648
