https://www.youtube.com/watch?v=mGFQkgadzRQ
123999000 0.591609280 1.051749871 0.500000000 0.500000000 0.000000000 0.000000000 0.993462563 0.003229393 -0.114112593 -0.472377562 -0.003208589 0.999994814 0.000365978 -0.005932507 0.114113182 0.000002555 0.993467748 0.123959606
124332000 0.591609280 1.051749871 0.500000000 0.500000000 0.000000000 0.000000000 0.988605380 0.003602870 -0.150487319 -0.517270184 -0.003599323 0.999993503 0.000295953 -0.005751638 0.150487408 0.000249071 0.988611877 0.113156366
124708000 0.591609280 1.051749871 0.500000000 0.500000000 0.000000000 0.000000000 0.981692851 0.004048047 -0.190427750 -0.566330350 -0.004096349 0.999991596 0.000139980 -0.007622665 0.190426722 0.000642641 0.981701195 0.098572887
125041000 0.591609280 1.051749871 0.500000000 0.500000000 0.000000000 0.000000000 0.974759340 0.004326052 -0.223216295 -0.606091424 -0.004403458 0.999990284 0.000150970 -0.009427620 0.223214790 0.000835764 0.974768937 0.084984909
125417000 0.591609280 1.051749871 0.500000000 0.500000000 0.000000000 0.000000000 0.965238512 0.004419941 -0.261333257 -0.651601078 -0.004571608 0.999989569 0.000027561 -0.007437027 0.261330664 0.001168111 0.965248644 0.068577736
125750000 0.591609280 1.051749871 0.500000000 0.500000000 0.000000000 0.000000000 0.953956902 0.004390486 -0.299911648 -0.697081969 -0.004806366 0.999988258 -0.000648964 -0.003676960 0.299905270 0.002060569 0.953966737 0.050264043
126126000 0.591609280 1.051749871 0.500000000 0.500000000 0.000000000 0.000000000 0.940579295 0.004839818 -0.339539677 -0.744385684 -0.005527717 0.999984145 -0.001058831 -0.001820489 0.339529186 0.002872794 0.940591156 0.028560147
126459000 0.591609280 1.051749871 0.500000000 0.500000000 0.000000000 0.000000000 0.928297341 0.004980532 -0.371805429 -0.781716025 -0.005848793 0.999982178 -0.001207554 -0.001832299 0.371792793 0.003295582 0.928309917 0.009470658
126835000 0.591609280 1.051749871 0.500000000 0.500000000 0.000000000 0.000000000 0.913324535 0.005156573 -0.407199889 -0.824074795 -0.006227055 0.999979734 -0.001303667 -0.001894351 0.407184929 0.003726327 0.913338125 -0.013179829
127168000 0.591609280 1.051749871 0.500000000 0.500000000 0.000000000 0.000000000 0.898822486 0.005400294 -0.438279599 -0.860775204 -0.006702366 0.999976516 -0.001423908 -0.001209170 0.438261628 0.004217350 0.898837566 -0.034594674
127544000 0.591609280 1.051749871 0.500000000 0.500000000 0.000000000 0.000000000 0.880397439 0.005455900 -0.474205226 -0.903308447 -0.007032821 0.999974072 -0.001551900 -0.000798134 0.474184483 0.004701289 0.880412936 -0.061250069
127877000 0.591609280 1.051749871 0.500000000 0.500000000 0.000000000 0.000000000 0.862660766 0.005402398 -0.505754173 -0.939888304 -0.007276668 0.999972045 -0.001730187 -0.000489221 0.505730629 0.005172769 0.862675905 -0.086411685
128253000 0.591609280 1.051749871 0.500000000 0.500000000 0.000000000 0.000000000 0.841714203 0.005442667 -0.539895892 -0.978630821 -0.007698633 0.999968529 -0.001921765 0.000975953 0.539868414 0.005774037 0.841729641 -0.115983579
128629000 0.591609280 1.051749871 0.500000000 0.500000000 0.000000000 0.000000000 0.821023405 0.005291656 -0.570869982 -1.013710761 -0.008027044 0.999965191 -0.002275334 0.002293417 0.570838094 0.006450502 0.821037292 -0.144579259
