https://www.youtube.com/watch?v=mGFQkgadzRQ
123373000 0.591609280 1.051749871 0.500000000 0.500000000 0.000000000 0.000000000 0.998857915 0.002672890 -0.047704928 -0.388737999 -0.002653247 0.999996364 0.000475094 -0.004533370 0.047706023 -0.000347978 0.998861372 0.139698036
123581000 0.591609280 1.051749871 0.500000000 0.500000000 0.000000000 0.000000000 0.997534156 0.002900333 -0.070122920 -0.417036011 -0.002881077 0.999995768 0.000375740 -0.005476288 0.070123710 -0.000172784 0.997538269 0.134851393
123790000 0.591609280 1.051749871 0.500000000 0.500000000 0.000000000 0.000000000 0.995756805 0.003055056 -0.091973245 -0.444572396 -0.003032017 0.999995351 0.000390221 -0.006227409 0.091974013 -0.000109701 0.995761395 0.129660844
123999000 0.591609280 1.051749871 0.500000000 0.500000000 0.000000000 0.000000000 0.993462563 0.003229393 -0.114112593 -0.472377562 -0.003208589 0.999994814 0.000365978 -0.005932507 0.114113182 0.000002555 0.993467748 0.123959606
124207000 0.591609280 1.051749871 0.500000000 0.500000000 0.000000000 0.000000000 0.990603268 0.003450655 -0.136723205 -0.500173495 -0.003429445 0.999994040 0.000390680 -0.006082111 0.136723727 0.000081876 0.990609229 0.117333920
124416000 0.591609280 1.051749871 0.500000000 0.500000000 0.000000000 0.000000000 0.987169921 0.003684058 -0.159630775 -0.528663584 -0.003696360 0.999993145 0.000219867 -0.006000823 0.159630492 0.000373007 0.987176776 0.110039363
124666000 0.591609280 1.051749871 0.500000000 0.500000000 0.000000000 0.000000000 0.982509255 0.003945273 -0.186171964 -0.561235187 -0.003999375 0.999992013 0.000084966 -0.007105507 0.186170816 0.000661092 0.982517183 0.100220962
124874000 0.591609280 1.051749871 0.500000000 0.500000000 0.000000000 0.000000000 0.978331029 0.004287674 -0.207002580 -0.586641713 -0.004329238 0.999990582 0.000252201 -0.009076863 0.207001716 0.000649428 0.978340387 0.091930702
125083000 0.591609280 1.051749871 0.500000000 0.500000000 0.000000000 0.000000000 0.973817825 0.004402113 -0.227287307 -0.611123286 -0.004493149 0.999989927 0.000116853 -0.009074310 0.227285519 0.000907443 0.973827720 0.083304516
125292000 0.591609280 1.051749871 0.500000000 0.500000000 0.000000000 0.000000000 0.968695283 0.004357880 -0.248214558 -0.636185581 -0.004474392 0.999989986 0.000094731 -0.008011808 0.248212487 0.001018844 0.968705058 0.074442714
125500000 0.591609280 1.051749871 0.500000000 0.500000000 0.000000000 0.000000000 0.962747812 0.004391920 -0.270365149 -0.662786287 -0.004570082 0.999989569 -0.000029452 -0.006714359 0.270362198 0.001263946 0.962757826 0.064526619
125709000 0.591609280 1.051749871 0.500000000 0.500000000 0.000000000 0.000000000 0.955500066 0.004409539 -0.294957876 -0.691555299 -0.004778699 0.999988437 -0.000530787 -0.004279872 0.294952124 0.001916682 0.955510139 0.052776269
125959000 0.591609280 1.051749871 0.500000000 0.500000000 0.000000000 0.000000000 0.946343422 0.004634521 -0.323129416 -0.724457169 -0.005231380 0.999985814 -0.000978639 -0.001732190 0.323120296 0.002616541 0.946354270 0.037519903
126167000 0.591609280 1.051749871 0.500000000 0.500000000 0.000000000 0.000000000 0.939147174 0.004834646 -0.343481004 -0.749049950 -0.005533603 0.999984145 -0.001054784 -0.002170622 0.343470454 0.002891285 0.939159036 0.026149102
126376000 0.591609280 1.051749871 0.500000000 0.500000000 0.000000000 0.000000000 0.931589127 0.004859613 -0.363480538 -0.772472331 -0.005669596 0.999983251 -0.001161554 -0.002324411 0.363468796 0.003142879 0.931601048 0.014526636
126584000 0.591609280 1.051749871 0.500000000 0.500000000 0.000000000 0.000000000 0.923323810 0.004994850 -0.383989871 -0.796474752 -0.005933880 0.999981582 -0.001260800 -0.001656055 0.383976519 0.003442676 0.923336446 0.001805353
126793000 0.591609280 1.051749871 0.500000000 0.500000000 0.000000000 0.000000000 0.914980114 0.005216786 -0.403465271 -0.819526045 -0.006272262 0.999979496 -0.001294577 -0.001858109 0.403450221 0.003715152 0.914994061 -0.010564998
127002000 0.591609280 1.051749871 0.500000000 0.500000000 0.000000000 0.000000000 0.906303227 0.005258658 -0.422595352 -0.842292418 -0.006397304 0.999978721 -0.001276282 -0.001621911 0.422579646 0.003860169 0.906317592 -0.023561723
127252000 0.591609280 1.051749871 0.500000000 0.500000000 0.000000000 0.000000000 0.894903898 0.005439967 -0.446225733 -0.870190326 -0.006754198 0.999976277 -0.001354740 -0.001280526 0.446207762 0.004226258 0.894919395 -0.040196739
127460000 0.591609280 1.051749871 0.500000000 0.500000000 0.000000000 0.000000000 0.884573221 0.005480251 -0.466369092 -0.894082633 -0.006980692 0.999974549 -0.001489853 -0.000948027 0.466349065 0.004573463 0.884588957 -0.055396928
127669000 0.591609280 1.051749871 0.500000000 0.500000000 0.000000000 0.000000000 0.873941839 0.005343055 -0.486001104 -0.917185865 -0.007038773 0.999973834 -0.001663705 -0.000687769 0.485979497 0.004874832 0.873956621 -0.070420475
127877000 0.591609280 1.051749871 0.500000000 0.500000000 0.000000000 0.000000000 0.862660766 0.005402398 -0.505754173 -0.939888304 -0.007276668 0.999972045 -0.001730187 -0.000489221 0.505730629 0.005172769 0.862675905 -0.086411685
128086000 0.591609280 1.051749871 0.500000000 0.500000000 0.000000000 0.000000000 0.851201892 0.005282878 -0.524811804 -0.961420775 -0.007401088 0.999970734 -0.001938020 -0.000533338 0.524786234 0.005533825 0.851216078 -0.102931062
128295000 0.591609280 1.051749871 0.500000000 0.500000000 0.000000000 0.000000000 0.839382112 0.005324626 -0.543515682 -0.982849443 -0.007655066 0.999968648 -0.002025823 0.001148876 0.543487847 0.005861088 0.839396596 -0.119132721
128545000 0.591609280 1.051749871 0.500000000 0.500000000 0.000000000 0.000000000 0.825496972 0.005258156 -0.564382017 -1.006530766 -0.007933038 0.999965906 -0.002286965 0.002382303 0.564350784 0.006365147 0.825510561 -0.138386240
